"Outgoing Spectral Radiance Values for OL 455-12-1 (Cal: 12-2) S/N: 04203031","[W/(sr cm^2 nm)]",140129,350.00,2500.00,1.00
1.690680E-006
1.755332E-006
1.817606E-006
1.877812E-006
1.936256E-006
1.993247E-006
2.049094E-006
2.104105E-006
2.158587E-006
2.212850E-006
2.267200E-006
2.321947E-006
2.377398E-006
2.433862E-006
2.491646E-006
2.551060E-006
2.612411E-006
2.676007E-006
2.742157E-006
2.811169E-006
2.883350E-006
2.968690E-006
3.057230E-006
3.148692E-006
3.242795E-006
3.339263E-006
3.437815E-006
3.538175E-006
3.640063E-006
3.743201E-006
3.847310E-006
3.945222E-006
4.043965E-006
4.143680E-006
4.244504E-006
4.346577E-006
4.450038E-006
4.555025E-006
4.661679E-006
4.770137E-006
4.880540E-006
4.995788E-006
5.113091E-006
5.232421E-006
5.353748E-006
5.477044E-006
5.602281E-006
5.729430E-006
5.858464E-006
5.989353E-006
6.122070E-006
6.255819E-006
6.391384E-006
6.528785E-006
6.668038E-006
6.809162E-006
6.952176E-006
7.097096E-006
7.243942E-006
7.392730E-006
7.543480E-006
7.699144E-006
7.856628E-006
8.015771E-006
8.176414E-006
8.338396E-006
8.501559E-006
8.665741E-006
8.830784E-006
8.996527E-006
9.162810E-006
9.324912E-006
9.487510E-006
9.650723E-006
9.814666E-006
9.979457E-006
1.014521E-005
1.031205E-005
1.048008E-005
1.064942E-005
1.082020E-005
1.099427E-005
1.116989E-005
1.134708E-005
1.152585E-005
1.170622E-005
1.188819E-005
1.207177E-005
1.225697E-005
1.244381E-005
1.263230E-005
1.282554E-005
1.302026E-005
1.321628E-005
1.341344E-005
1.361154E-005
1.381043E-005
1.400991E-005
1.420982E-005
1.440997E-005
1.461020E-005
1.480224E-005
1.499448E-005
1.518725E-005
1.538086E-005
1.557561E-005
1.577183E-005
1.596982E-005
1.616991E-005
1.637239E-005
1.657760E-005
1.679480E-005
1.701480E-005
1.723738E-005
1.746229E-005
1.768932E-005
1.791823E-005
1.814879E-005
1.838078E-005
1.861396E-005
1.884810E-005
1.907972E-005
1.931205E-005
1.954505E-005
1.977868E-005
2.001291E-005
2.024772E-005
2.048306E-005
2.071891E-005
2.095524E-005
2.119200E-005
2.142652E-005
2.166157E-005
2.189728E-005
2.213379E-005
2.237122E-005
2.260971E-005
2.284937E-005
2.309033E-005
2.333273E-005
2.357670E-005
2.382688E-005
2.407860E-005
2.433172E-005
2.458610E-005
2.484159E-005
2.509804E-005
2.535532E-005
2.561326E-005
2.587174E-005
2.613060E-005
2.638804E-005
2.664567E-005
2.690344E-005
2.716133E-005
2.741927E-005
2.767722E-005
2.793515E-005
2.819300E-005
2.845073E-005
2.870830E-005
2.896311E-005
2.921782E-005
2.947253E-005
2.972737E-005
2.998244E-005
3.023785E-005
3.049372E-005
3.075014E-005
3.100723E-005
3.126510E-005
3.152650E-005
3.178875E-005
3.205178E-005
3.231555E-005
3.258001E-005
3.284511E-005
3.311080E-005
3.337703E-005
3.364375E-005
3.391090E-005
3.417823E-005
3.444591E-005
3.471390E-005
3.498217E-005
3.525068E-005
3.551938E-005
3.578826E-005
3.605726E-005
3.632635E-005
3.659550E-005
3.686472E-005
3.713391E-005
3.740304E-005
3.767206E-005
3.794094E-005
3.820963E-005
3.847809E-005
3.874628E-005
3.901417E-005
3.928170E-005
3.954691E-005
3.981181E-005
4.007647E-005
4.034096E-005
4.060538E-005
4.086979E-005
4.113427E-005
4.139890E-005
4.166375E-005
4.192890E-005
4.219637E-005
4.246417E-005
4.273227E-005
4.300063E-005
4.326919E-005
4.353793E-005
4.380681E-005
4.407577E-005
4.434478E-005
4.461380E-005
4.488388E-005
4.515381E-005
4.542351E-005
4.569284E-005
4.596173E-005
4.623004E-005
4.649768E-005
4.676454E-005
4.703052E-005
4.729550E-005
4.755960E-005
4.782247E-005
4.808401E-005
4.834408E-005
4.860258E-005
4.885938E-005
4.911436E-005
4.936741E-005
4.961839E-005
4.986720E-005
5.010406E-005
5.033910E-005
5.057276E-005
5.080552E-005
5.103785E-005
5.127020E-005
5.150305E-005
5.173686E-005
5.197208E-005
5.220920E-005
5.246203E-005
5.271687E-005
5.297337E-005
5.323119E-005
5.348999E-005
5.374941E-005
5.400912E-005
5.426877E-005
5.452801E-005
5.478650E-005
5.503877E-005
5.528991E-005
5.553988E-005
5.578866E-005
5.603621E-005
5.628250E-005
5.652748E-005
5.677113E-005
5.701342E-005
5.725430E-005
5.749286E-005
5.773001E-005
5.796576E-005
5.820014E-005
5.843316E-005
5.866484E-005
5.889521E-005
5.912427E-005
5.935207E-005
5.957860E-005
5.980430E-005
6.002876E-005
6.025197E-005
6.047392E-005
6.069463E-005
6.091406E-005
6.113223E-005
6.134913E-005
6.156476E-005
6.177910E-005
6.198944E-005
6.219866E-005
6.240691E-005
6.261435E-005
6.282114E-005
6.302745E-005
6.323343E-005
6.343924E-005
6.364505E-005
6.385100E-005
6.406234E-005
6.427384E-005
6.448536E-005
6.469675E-005
6.490786E-005
6.511853E-005
6.532863E-005
6.553801E-005
6.574652E-005
6.595400E-005
6.615973E-005
6.636417E-005
6.656723E-005
6.676878E-005
6.696871E-005
6.716692E-005
6.736328E-005
6.755769E-005
6.775003E-005
6.794020E-005
6.812106E-005
6.829995E-005
6.847717E-005
6.865304E-005
6.882787E-005
6.900198E-005
6.917567E-005
6.934927E-005
6.952307E-005
6.969740E-005
6.988094E-005
7.006512E-005
7.024976E-005
7.043464E-005
7.061959E-005
7.080440E-005
7.098888E-005
7.117284E-005
7.135608E-005
7.153840E-005
7.171950E-005
7.189931E-005
7.207764E-005
7.225429E-005
7.242909E-005
7.260184E-005
7.277235E-005
7.294044E-005
7.310592E-005
7.326860E-005
7.342133E-005
7.357130E-005
7.371876E-005
7.386394E-005
7.400707E-005
7.414838E-005
7.428812E-005
7.442651E-005
7.456379E-005
7.470020E-005
7.484095E-005
7.498100E-005
7.512027E-005
7.525869E-005
7.539620E-005
7.553273E-005
7.566821E-005
7.580258E-005
7.593577E-005
7.606770E-005
7.619533E-005
7.632176E-005
7.644710E-005
7.657145E-005
7.669494E-005
7.681767E-005
7.693976E-005
7.706132E-005
7.718246E-005
7.730330E-005
7.742991E-005
7.755609E-005
7.768157E-005
7.780612E-005
7.792948E-005
7.805141E-005
7.817165E-005
7.828997E-005
7.840610E-005
7.851980E-005
7.862400E-005
7.872569E-005
7.882504E-005
7.892219E-005
7.901733E-005
7.911062E-005
7.920221E-005
7.929228E-005
7.938099E-005
7.946850E-005
7.955346E-005
7.963765E-005
7.972132E-005
7.980473E-005
7.988814E-005
7.997180E-005
8.005597E-005
8.014090E-005
8.022686E-005
8.031410E-005
8.041068E-005
8.050859E-005
8.060759E-005
8.070749E-005
8.080806E-005
8.090908E-005
8.101034E-005
8.111163E-005
8.121272E-005
8.131340E-005
8.141464E-005
8.151497E-005
8.161410E-005
8.171174E-005
8.180759E-005
8.190138E-005
8.199282E-005
8.208161E-005
8.216746E-005
8.225010E-005
8.231818E-005
8.238314E-005
8.244535E-005
8.250519E-005
8.256305E-005
8.261930E-005
8.267433E-005
8.272852E-005
8.278225E-005
8.283590E-005
8.289732E-005
8.295896E-005
8.302076E-005
8.308265E-005
8.314456E-005
8.320640E-005
8.326812E-005
8.332964E-005
8.339089E-005
8.345180E-005
8.351099E-005
8.356977E-005
8.362815E-005
8.368614E-005
8.374375E-005
8.380098E-005
8.385784E-005
8.391435E-005
8.397050E-005
8.402630E-005
8.408238E-005
8.413810E-005
8.419341E-005
8.424830E-005
8.430274E-005
8.435668E-005
8.441011E-005
8.446299E-005
8.451530E-005
8.456700E-005
8.461624E-005
8.466493E-005
8.471315E-005
8.476096E-005
8.480847E-005
8.485574E-005
8.490286E-005
8.494990E-005
8.499696E-005
8.504410E-005
8.509353E-005
8.514308E-005
8.519270E-005
8.524235E-005
8.529197E-005
8.534153E-005
8.539097E-005
8.544024E-005
8.548930E-005
8.553810E-005
8.558487E-005
8.563139E-005
8.567771E-005
8.572389E-005
8.576999E-005
8.581606E-005
8.586216E-005
8.590834E-005
8.595467E-005
8.600120E-005
8.604921E-005
8.609747E-005
8.614594E-005
8.619460E-005
8.624346E-005
8.629247E-005
8.634163E-005
8.639092E-005
8.644031E-005
8.648980E-005
8.653905E-005
8.658838E-005
8.663777E-005
8.668724E-005
8.673679E-005
8.678640E-005
8.683609E-005
8.688585E-005
8.693569E-005
8.698560E-005
8.703613E-005
8.708670E-005
8.713728E-005
8.718783E-005
8.723832E-005
8.728873E-005
8.733901E-005
8.738914E-005
8.743908E-005
8.748880E-005
8.753377E-005
8.757872E-005
8.762390E-005
8.766954E-005
8.771589E-005
8.776318E-005
8.781166E-005
8.786156E-005
8.791313E-005
8.796660E-005
8.803466E-005
8.810436E-005
8.817516E-005
8.824657E-005
8.831806E-005
8.838913E-005
8.845925E-005
8.852791E-005
8.859460E-005
8.865880E-005
8.870980E-005
8.875790E-005
8.880321E-005
8.884582E-005
8.888585E-005
8.892339E-005
8.895856E-005
8.899144E-005
8.902216E-005
8.905080E-005
8.907738E-005
8.910210E-005
8.912508E-005
8.914642E-005
8.916623E-005
8.918462E-005
8.920171E-005
8.921759E-005
8.923239E-005
8.924620E-005
8.925904E-005
8.927112E-005
8.928257E-005
8.929349E-005
8.930400E-005
8.931422E-005
8.932427E-005
8.933425E-005
8.934429E-005
8.935450E-005
8.936489E-005
8.937569E-005
8.938703E-005
8.939901E-005
8.941177E-005
8.942544E-005
8.944012E-005
8.945594E-005
8.947303E-005
8.949150E-005
8.951137E-005
8.953289E-005
8.955617E-005
8.958134E-005
8.960854E-005
8.963789E-005
8.966952E-005
8.970357E-005
8.974015E-005
8.977940E-005
8.983092E-005
8.988479E-005
8.994057E-005
8.999781E-005
9.005607E-005
9.011490E-005
9.017385E-005
9.023248E-005
9.029034E-005
9.034700E-005
9.039229E-005
9.043607E-005
9.047848E-005
9.051966E-005
9.055976E-005
9.059892E-005
9.063728E-005
9.067498E-005
9.071218E-005
9.074900E-005
9.079723E-005
9.084467E-005
9.089076E-005
9.093494E-005
9.097664E-005
9.101531E-005
9.105039E-005
9.108130E-005
9.110749E-005
9.112840E-005
9.112418E-005
9.111472E-005
9.110062E-005
9.108251E-005
9.106098E-005
9.103663E-005
9.101009E-005
9.098194E-005
9.095281E-005
9.092330E-005
9.090561E-005
9.088804E-005
9.087051E-005
9.085292E-005
9.083517E-005
9.081716E-005
9.079881E-005
9.078001E-005
9.076067E-005
9.074070E-005
9.072283E-005
9.070397E-005
9.068383E-005
9.066216E-005
9.063869E-005
9.061314E-005
9.058526E-005
9.055477E-005
9.052141E-005
9.048490E-005
9.042305E-005
9.035885E-005
9.029336E-005
9.022765E-005
9.016278E-005
9.009980E-005
9.003978E-005
8.998378E-005
8.993287E-005
8.988810E-005
8.989045E-005
8.989865E-005
8.991133E-005
8.992716E-005
8.994476E-005
8.996278E-005
8.997986E-005
8.999464E-005
9.000578E-005
9.001190E-005
8.997881E-005
8.993999E-005
8.989607E-005
8.984768E-005
8.979546E-005
8.974003E-005
8.968204E-005
8.962212E-005
8.956089E-005
8.949900E-005
8.944803E-005
8.939699E-005
8.934586E-005
8.929460E-005
8.924319E-005
8.919159E-005
8.913977E-005
8.908770E-005
8.903536E-005
8.898270E-005
8.892794E-005
8.887291E-005
8.881770E-005
8.876238E-005
8.870702E-005
8.865170E-005
8.859651E-005
8.854151E-005
8.848678E-005
8.843240E-005
8.838309E-005
8.833399E-005
8.828492E-005
8.823565E-005
8.818599E-005
8.813573E-005
8.808466E-005
8.803259E-005
8.797930E-005
8.792460E-005
8.786089E-005
8.779579E-005
8.772956E-005
8.766244E-005
8.759466E-005
8.752648E-005
8.745812E-005
8.738985E-005
8.732189E-005
8.725450E-005
8.719650E-005
8.713903E-005
8.708181E-005
8.702456E-005
8.696700E-005
8.690886E-005
8.684986E-005
8.678971E-005
8.672815E-005
8.666490E-005
8.659926E-005
8.653140E-005
8.646106E-005
8.638799E-005
8.631193E-005
8.623263E-005
8.614985E-005
8.606331E-005
8.597278E-005
8.587800E-005
8.578203E-005
8.568111E-005
8.557477E-005
8.546256E-005
8.534404E-005
8.521874E-005
8.508621E-005
8.494599E-005
8.479764E-005
8.464070E-005
8.443104E-005
8.421452E-005
8.399335E-005
8.376971E-005
8.354579E-005
8.332379E-005
8.310589E-005
8.289430E-005
8.269121E-005
8.249880E-005
8.237371E-005
8.226039E-005
8.215774E-005
8.206464E-005
8.198001E-005
8.190272E-005
8.183167E-005
8.176575E-005
8.170387E-005
8.164490E-005
8.157560E-005
8.150775E-005
8.144098E-005
8.137490E-005
8.130916E-005
8.124339E-005
8.117720E-005
8.111024E-005
8.104213E-005
8.097250E-005
8.087917E-005
8.078490E-005
8.069065E-005
8.059736E-005
8.050599E-005
8.041749E-005
8.033281E-005
8.025290E-005
8.017871E-005
8.011120E-005
8.009852E-005
8.009157E-005
8.008841E-005
8.008716E-005
8.008589E-005
8.008270E-005
8.007567E-005
8.006290E-005
8.004248E-005
8.001250E-005
7.992957E-005
7.983577E-005
7.973170E-005
7.961798E-005
7.949520E-005
7.936397E-005
7.922489E-005
7.907856E-005
7.892560E-005
7.876660E-005
7.857391E-005
7.837810E-005
7.818149E-005
7.798640E-005
7.779514E-005
7.761004E-005
7.743341E-005
7.726756E-005
7.711482E-005
7.697750E-005
7.692838E-005
7.689505E-005
7.687555E-005
7.686792E-005
7.687021E-005
7.688047E-005
7.689674E-005
7.691708E-005
7.693951E-005
7.696210E-005
7.695621E-005
7.694818E-005
7.693767E-005
7.692434E-005
7.690787E-005
7.688790E-005
7.686411E-005
7.683615E-005
7.680370E-005
7.676640E-005
7.670783E-005
7.664472E-005
7.657771E-005
7.650744E-005
7.643455E-005
7.635967E-005
7.628345E-005
7.620652E-005
7.612953E-005
7.605310E-005
7.599197E-005
7.593183E-005
7.587247E-005
7.581367E-005
7.575522E-005
7.569690E-005
7.563849E-005
7.557978E-005
7.552056E-005
7.546060E-005
7.539627E-005
7.533099E-005
7.526474E-005
7.519752E-005
7.512933E-005
7.506014E-005
7.498997E-005
7.491879E-005
7.484660E-005
7.477340E-005
7.469736E-005
7.462039E-005
7.454260E-005
7.446410E-005
7.438497E-005
7.430534E-005
7.422529E-005
7.414493E-005
7.406437E-005
7.398370E-005
7.390716E-005
7.383047E-005
7.375347E-005
7.367604E-005
7.359800E-005
7.351922E-005
7.343955E-005
7.335884E-005
7.327694E-005
7.319370E-005
7.310416E-005
7.301328E-005
7.292120E-005
7.282807E-005
7.273403E-005
7.263922E-005
7.254379E-005
7.244788E-005
7.235164E-005
7.225520E-005
7.214701E-005
7.203962E-005
7.193389E-005
7.183068E-005
7.173083E-005
7.163519E-005
7.154463E-005
7.145999E-005
7.138213E-005
7.131190E-005
7.129209E-005
7.127908E-005
7.127117E-005
7.126668E-005
7.126393E-005
7.126121E-005
7.125685E-005
7.124915E-005
7.123643E-005
7.121700E-005
7.114947E-005
7.107425E-005
7.099207E-005
7.090365E-005
7.080969E-005
7.071093E-005
7.060807E-005
7.050183E-005
7.039294E-005
7.028210E-005
7.018228E-005
7.008122E-005
6.997888E-005
6.987525E-005
6.977030E-005
6.966400E-005
6.955634E-005
6.944729E-005
6.933681E-005
6.922490E-005
6.910701E-005
6.898791E-005
6.886784E-005
6.874706E-005
6.862580E-005
6.850432E-005
6.838288E-005
6.826171E-005
6.814107E-005
6.802120E-005
6.791151E-005
6.780254E-005
6.769399E-005
6.758554E-005
6.747689E-005
6.736774E-005
6.725779E-005
6.714671E-005
6.703422E-005
6.692000E-005
6.680215E-005
6.668206E-005
6.655952E-005
6.643432E-005
6.630626E-005
6.617511E-005
6.604069E-005
6.590276E-005
6.576114E-005
6.561560E-005
6.550582E-005
6.538930E-005
6.526340E-005
6.512550E-005
6.497298E-005
6.480321E-005
6.461356E-005
6.440141E-005
6.416413E-005
6.389910E-005
6.351496E-005
6.310318E-005
6.266653E-005
6.220776E-005
6.172961E-005
6.123484E-005
6.072621E-005
6.020645E-005
5.967833E-005
5.914460E-005
5.857173E-005
5.800094E-005
5.743720E-005
5.688544E-005
5.635063E-005
5.583770E-005
5.535161E-005
5.489732E-005
5.447976E-005
5.410390E-005
5.393677E-005
5.381140E-005
5.372294E-005
5.366649E-005
5.363719E-005
5.363017E-005
5.364056E-005
5.366347E-005
5.369404E-005
5.372740E-005
5.367404E-005
5.361886E-005
5.356209E-005
5.350400E-005
5.344484E-005
5.338488E-005
5.332435E-005
5.326353E-005
5.320266E-005
5.314200E-005
5.309209E-005
5.304228E-005
5.299220E-005
5.294148E-005
5.288976E-005
5.283667E-005
5.278183E-005
5.272489E-005
5.266547E-005
5.260320E-005
5.251242E-005
5.241960E-005
5.232590E-005
5.223248E-005
5.214051E-005
5.205116E-005
5.196558E-005
5.188496E-005
5.181044E-005
5.174320E-005
5.171181E-005
5.168837E-005
5.167237E-005
5.166334E-005
5.166076E-005
5.166414E-005
5.167299E-005
5.168682E-005
5.170512E-005
5.172740E-005
5.175657E-005
5.178853E-005
5.182256E-005
5.185798E-005
5.189407E-005
5.193013E-005
5.196547E-005
5.199938E-005
5.203116E-005
5.206010E-005
5.207625E-005
5.208872E-005
5.209737E-005
5.210207E-005
5.210266E-005
5.209902E-005
5.209099E-005
5.207844E-005
5.206122E-005
5.203920E-005
5.199498E-005
5.194672E-005
5.189533E-005
5.184170E-005
5.178674E-005
5.173136E-005
5.167647E-005
5.162295E-005
5.157173E-005
5.152370E-005
5.150460E-005
5.148899E-005
5.147629E-005
5.146588E-005
5.145718E-005
5.144956E-005
5.144245E-005
5.143524E-005
5.142732E-005
5.141810E-005
5.140439E-005
5.138834E-005
5.136950E-005
5.134742E-005
5.132167E-005
5.129179E-005
5.125735E-005
5.121790E-005
5.117300E-005
5.112220E-005
5.103828E-005
5.094921E-005
5.085615E-005
5.076028E-005
5.066280E-005
5.056487E-005
5.046768E-005
5.037240E-005
5.028021E-005
5.019230E-005
5.013666E-005
5.008603E-005
5.003996E-005
4.999799E-005
4.995970E-005
4.992463E-005
4.989232E-005
4.986235E-005
4.983426E-005
4.980760E-005
4.978209E-005
4.975710E-005
4.973220E-005
4.970691E-005
4.968079E-005
4.965338E-005
4.962422E-005
4.959286E-005
4.955884E-005
4.952170E-005
4.946915E-005
4.941330E-005
4.935440E-005
4.929271E-005
4.922849E-005
4.916202E-005
4.909354E-005
4.902332E-005
4.895162E-005
4.887870E-005
4.880784E-005
4.873610E-005
4.866356E-005
4.859031E-005
4.851641E-005
4.844196E-005
4.836702E-005
4.829168E-005
4.821601E-005
4.814010E-005
4.806457E-005
4.798891E-005
4.791319E-005
4.783743E-005
4.776169E-005
4.768602E-005
4.761046E-005
4.753506E-005
4.745985E-005
4.738490E-005
4.731104E-005
4.723748E-005
4.716420E-005
4.709121E-005
4.701851E-005
4.694609E-005
4.687396E-005
4.680210E-005
4.673051E-005
4.665920E-005
4.658712E-005
4.651538E-005
4.644403E-005
4.637313E-005
4.630274E-005
4.623292E-005
4.616374E-005
4.609525E-005
4.602752E-005
4.596060E-005
4.589667E-005
4.583356E-005
4.577118E-005
4.570947E-005
4.564836E-005
4.558779E-005
4.552769E-005
4.546798E-005
4.540861E-005
4.534950E-005
4.529178E-005
4.523411E-005
4.517636E-005
4.511838E-005
4.506004E-005
4.500119E-005
4.494169E-005
4.488140E-005
4.482018E-005
4.475790E-005
4.468759E-005
4.461634E-005
4.454443E-005
4.447213E-005
4.439971E-005
4.432745E-005
4.425561E-005
4.418448E-005
4.411432E-005
4.404540E-005
4.398648E-005
4.392884E-005
4.387224E-005
4.381643E-005
4.376118E-005
4.370624E-005
4.365138E-005
4.359634E-005
4.354090E-005
4.348480E-005
4.342237E-005
4.335914E-005
4.329519E-005
4.323062E-005
4.316551E-005
4.309995E-005
4.303403E-005
4.296784E-005
4.290147E-005
4.283500E-005
4.277170E-005
4.270829E-005
4.264467E-005
4.258073E-005
4.251637E-005
4.245148E-005
4.238597E-005
4.231972E-005
4.225263E-005
4.218460E-005
4.211246E-005
4.203936E-005
4.196537E-005
4.189059E-005
4.181509E-005
4.173895E-005
4.166226E-005
4.158510E-005
4.150756E-005
4.142970E-005
4.135542E-005
4.128076E-005
4.120558E-005
4.112973E-005
4.105307E-005
4.097544E-005
4.089669E-005
4.081669E-005
4.073527E-005
4.065230E-005
4.056142E-005
4.046907E-005
4.037547E-005
4.028084E-005
4.018541E-005
4.008942E-005
3.999308E-005
3.989663E-005
3.980030E-005
3.970430E-005
3.961541E-005
3.952691E-005
3.943865E-005
3.935045E-005
3.926214E-005
3.917356E-005
3.908453E-005
3.899489E-005
3.890447E-005
3.881310E-005
3.871609E-005
3.861806E-005
3.851913E-005
3.841939E-005
3.831896E-005
3.821793E-005
3.811641E-005
3.801452E-005
3.791234E-005
3.781000E-005
3.771189E-005
3.761355E-005
3.751484E-005
3.741560E-005
3.731567E-005
3.721490E-005
3.711313E-005
3.701021E-005
3.690599E-005
3.680030E-005
3.668701E-005
3.657232E-005
3.645642E-005
3.633953E-005
3.622185E-005
3.610359E-005
3.598496E-005
3.586616E-005
3.574741E-005
3.562890E-005
3.551344E-005
3.539848E-005
3.528409E-005
3.517030E-005
3.505717E-005
3.494476E-005
3.483310E-005
3.472226E-005
3.461227E-005
3.450320E-005
3.439580E-005
3.428937E-005
3.418392E-005
3.407945E-005
3.397598E-005
3.387351E-005
3.377205E-005
3.367161E-005
3.357219E-005
3.347380E-005
3.337485E-005
3.327705E-005
3.318049E-005
3.308529E-005
3.299155E-005
3.289937E-005
3.280886E-005
3.272013E-005
3.263327E-005
3.254840E-005
3.246829E-005
3.239021E-005
3.231410E-005
3.223991E-005
3.216758E-005
3.209704E-005
3.202826E-005
3.196116E-005
3.189569E-005
3.183180E-005
3.176934E-005
3.170834E-005
3.164875E-005
3.159053E-005
3.153361E-005
3.147794E-005
3.142348E-005
3.137017E-005
3.131796E-005
3.126680E-005
3.121252E-005
3.115943E-005
3.110773E-005
3.105762E-005
3.100929E-005
3.096294E-005
3.091877E-005
3.087697E-005
3.083775E-005
3.080130E-005
3.077328E-005
3.074810E-005
3.072561E-005
3.070569E-005
3.068819E-005
3.067300E-005
3.065997E-005
3.064896E-005
3.063985E-005
3.063250E-005
3.062832E-005
3.062554E-005
3.062394E-005
3.062327E-005
3.062332E-005
3.062385E-005
3.062465E-005
3.062547E-005
3.062610E-005
3.062630E-005
3.062449E-005
3.062189E-005
3.061834E-005
3.061370E-005
3.060783E-005
3.060057E-005
3.059178E-005
3.058132E-005
3.056904E-005
3.055480E-005
3.053676E-005
3.051656E-005
3.049417E-005
3.046953E-005
3.044261E-005
3.041336E-005
3.038174E-005
3.034770E-005
3.031120E-005
3.027220E-005
3.022995E-005
3.018514E-005
3.013779E-005
3.008789E-005
3.003544E-005
2.998044E-005
2.992289E-005
2.986278E-005
2.980012E-005
2.973490E-005
2.966596E-005
2.959452E-005
2.952068E-005
2.944449E-005
2.936602E-005
2.928535E-005
2.920254E-005
2.911766E-005
2.903079E-005
2.894200E-005
2.885038E-005
2.875704E-005
2.866210E-005
2.856569E-005
2.846794E-005
2.836898E-005
2.826893E-005
2.816794E-005
2.806612E-005
2.796360E-005
2.786558E-005
2.776682E-005
2.766713E-005
2.756634E-005
2.746427E-005
2.736074E-005
2.725558E-005
2.714860E-005
2.703964E-005
2.692850E-005
2.680587E-005
2.668127E-005
2.655507E-005
2.642765E-005
2.629939E-005
2.617066E-005
2.604184E-005
2.591331E-005
2.578543E-005
2.565860E-005
2.553952E-005
2.542185E-005
2.530558E-005
2.519069E-005
2.507719E-005
2.496506E-005
2.485429E-005
2.474488E-005
2.463682E-005
2.453010E-005
2.442393E-005
2.431913E-005
2.421574E-005
2.411381E-005
2.401336E-005
2.391443E-005
2.381708E-005
2.372133E-005
2.362722E-005
2.353480E-005
2.343996E-005
2.334714E-005
2.325662E-005
2.316869E-005
2.308364E-005
2.300177E-005
2.292336E-005
2.284870E-005
2.277808E-005
2.271180E-005
2.266750E-005
2.262706E-005
2.258972E-005
2.255472E-005
2.252128E-005
2.248866E-005
2.245608E-005
2.242278E-005
2.238801E-005
2.235100E-005
2.228550E-005
2.221779E-005
2.214863E-005
2.207882E-005
2.200912E-005
2.194034E-005
2.187324E-005
2.180862E-005
2.174724E-005
2.168990E-005
2.166569E-005
2.164535E-005
2.162796E-005
2.161259E-005
2.159829E-005
2.158414E-005
2.156920E-005
2.155254E-005
2.153321E-005
2.151030E-005
2.146031E-005
2.140623E-005
2.134849E-005
2.128752E-005
2.122375E-005
2.115762E-005
2.108956E-005
2.101999E-005
2.094936E-005
2.087810E-005
2.081134E-005
2.074452E-005
2.067779E-005
2.061131E-005
2.054521E-005
2.047965E-005
2.041477E-005
2.035072E-005
2.028765E-005
2.022570E-005
2.016762E-005
2.011080E-005
2.005523E-005
2.000090E-005
1.994781E-005
1.989594E-005
1.984529E-005
1.979583E-005
1.974758E-005
1.970050E-005
1.965136E-005
1.960358E-005
1.955734E-005
1.951284E-005
1.947026E-005
1.942979E-005
1.939161E-005
1.935591E-005
1.932288E-005
1.929270E-005
1.927452E-005
1.925902E-005
1.924586E-005
1.923466E-005
1.922507E-005
1.921675E-005
1.920933E-005
1.920245E-005
1.919576E-005
1.918890E-005
1.917777E-005
1.916599E-005
1.915343E-005
1.913995E-005
1.912544E-005
1.910975E-005
1.909276E-005
1.907434E-005
1.905437E-005
1.903270E-005
1.900495E-005
1.897552E-005
1.894452E-005
1.891209E-005
1.887836E-005
1.884346E-005
1.880751E-005
1.877065E-005
1.873300E-005
1.869470E-005
1.865976E-005
1.862418E-005
1.858787E-005
1.855070E-005
1.851258E-005
1.847340E-005
1.843304E-005
1.839142E-005
1.834840E-005
1.830390E-005
1.825701E-005
1.820847E-005
1.815821E-005
1.810617E-005
1.805231E-005
1.799655E-005
1.793883E-005
1.787911E-005
1.781732E-005
1.775340E-005
1.768425E-005
1.761304E-005
1.753989E-005
1.746492E-005
1.738828E-005
1.731006E-005
1.723041E-005
1.714945E-005
1.706731E-005
1.698410E-005
1.690171E-005
1.681840E-005
1.673419E-005
1.664910E-005
1.656316E-005
1.647637E-005
1.638876E-005
1.630035E-005
1.621116E-005
1.612120E-005
1.602892E-005
1.593602E-005
1.584260E-005
1.574877E-005
1.565466E-005
1.556038E-005
1.546604E-005
1.537175E-005
1.527763E-005
1.518380E-005
1.509252E-005
1.500161E-005
1.491108E-005
1.482090E-005
1.473105E-005
1.464152E-005
1.455230E-005
1.446337E-005
1.437470E-005
1.428630E-005
1.419736E-005
1.410868E-005
1.402032E-005
1.393228E-005
1.384462E-005
1.375735E-005
1.367052E-005
1.358414E-005
1.349826E-005
1.341290E-005
1.332721E-005
1.324217E-005
1.315785E-005
1.307434E-005
1.299173E-005
1.291010E-005
1.282954E-005
1.275013E-005
1.267195E-005
1.259510E-005
1.252148E-005
1.244925E-005
1.237837E-005
1.230882E-005
1.224057E-005
1.217360E-005
1.210789E-005
1.204340E-005
1.198011E-005
1.191800E-005
1.185692E-005
1.179697E-005
1.173814E-005
1.168040E-005
1.162373E-005
1.156812E-005
1.151356E-005
1.146001E-005
1.140746E-005
1.135590E-005
1.130649E-005
1.125796E-005
1.121021E-005
1.116315E-005
1.111670E-005
1.107076E-005
1.102524E-005
1.098005E-005
1.093510E-005
1.089030E-005
1.084402E-005
1.079780E-005
1.075165E-005
1.070557E-005
1.065955E-005
1.061360E-005
1.056774E-005
1.052194E-005
1.047623E-005
1.043060E-005
1.038531E-005
1.034010E-005
1.029494E-005
1.024983E-005
1.020476E-005
1.015970E-005
1.011465E-005
1.006959E-005
1.002452E-005
9.979410E-006
9.933521E-006
9.887619E-006
9.841735E-006
9.795900E-006
9.750146E-006
9.704505E-006
9.659009E-006
9.613688E-006
9.568574E-006
9.523700E-006
9.480875E-006
9.438245E-006
9.395733E-006
9.353263E-006
9.310758E-006
9.268143E-006
9.225341E-006
9.182275E-006
9.138870E-006
9.095050E-006
9.048094E-006
9.000730E-006
8.953041E-006
8.905113E-006
8.857029E-006
8.808873E-006
8.760730E-006
8.712682E-006
8.664814E-006
8.617210E-006
8.569788E-006
8.522807E-006
8.476363E-006
8.430549E-006
8.385459E-006
8.341188E-006
8.297830E-006
8.255478E-006
8.214226E-006
8.174170E-006
8.135210E-006
8.097644E-006
8.061579E-006
8.027121E-006
7.994374E-006
7.963445E-006
7.934439E-006
7.907462E-006
7.882621E-006
7.860020E-006
7.841991E-006
7.826279E-006
7.812855E-006
7.801691E-006
7.792757E-006
7.786024E-006
7.781463E-006
7.779044E-006
7.778740E-006
7.780520E-006
7.783694E-006
7.788934E-006
7.796252E-006
7.805659E-006
7.817166E-006
7.830783E-006
7.846522E-006
7.864394E-006
7.884409E-006
7.906580E-006
7.931282E-006
7.958138E-006
7.987138E-006
8.018271E-006
8.051525E-006
8.086890E-006
8.124354E-006
8.163906E-006
8.205535E-006
8.249230E-006
8.297532E-006
8.347724E-006
8.399639E-006
8.453111E-006
8.507976E-006
8.564066E-006
8.621216E-006
8.679261E-006
8.738034E-006
8.797370E-006
8.856829E-006
8.916535E-006
8.976340E-006
9.036095E-006
9.095650E-006
9.154856E-006
9.213565E-006
9.271626E-006
9.328891E-006
9.385210E-006
9.437815E-006
9.489336E-006
9.539781E-006
9.589160E-006
9.637483E-006
9.684759E-006
9.730999E-006
9.776210E-006
9.820404E-006
9.863590E-006
9.906696E-006
9.948758E-006
9.989729E-006
1.002956E-005
1.006821E-005
1.010563E-005
1.014178E-005
1.017660E-005
1.021006E-005
1.024210E-005
1.027359E-005
1.030351E-005
1.033177E-005
1.035827E-005
1.038291E-005
1.040558E-005
1.042618E-005
1.044462E-005
1.046080E-005
1.047460E-005
1.048174E-005
1.048656E-005
1.048922E-005
1.048988E-005
1.048868E-005
1.048577E-005
1.048132E-005
1.047547E-005
1.046838E-005
1.046020E-005
1.045624E-005
1.045118E-005
1.044487E-005
1.043715E-005
1.042786E-005
1.041684E-005
1.040394E-005
1.038898E-005
1.037182E-005
1.035230E-005
1.032283E-005
1.029113E-005
1.025749E-005
1.022219E-005
1.018554E-005
1.014782E-005
1.010933E-005
1.007035E-005
1.003118E-005
9.992100E-006
9.959989E-006
9.928160E-006
9.896503E-006
9.864912E-006
9.833280E-006
9.801498E-006
9.769460E-006
9.737058E-006
9.704183E-006
9.670730E-006
9.634501E-006
9.597605E-006
9.560060E-006
9.521886E-006
9.483101E-006
9.443725E-006
9.403777E-006
9.363276E-006
9.322240E-006
9.280690E-006
9.238882E-006
9.196583E-006
9.153797E-006
9.110529E-006
9.066784E-006
9.022566E-006
8.977880E-006
8.932730E-006
8.887122E-006
8.841060E-006
8.793409E-006
8.745382E-006
8.697053E-006
8.648496E-006
8.599784E-006
8.550990E-006
8.502190E-006
8.453455E-006
8.404861E-006
8.356480E-006
8.306819E-006
8.257614E-006
8.209034E-006
8.161247E-006
8.114422E-006
8.068728E-006
8.024332E-006
7.981405E-006
7.940115E-006
7.900630E-006
7.870401E-006
7.841872E-006
7.814773E-006
7.788830E-006
7.763770E-006
7.739321E-006
7.715210E-006
7.691165E-006
7.666912E-006
7.642180E-006
7.612616E-006
7.582275E-006
7.551130E-006
7.519157E-006
7.486329E-006
7.452622E-006
7.418010E-006
7.382468E-006
7.345970E-006
7.308490E-006
7.267044E-006
7.224745E-006
7.181747E-006
7.138204E-006
7.094271E-006
7.050100E-006
7.005847E-006
6.961665E-006
6.917708E-006
6.874130E-006
6.833605E-006
6.793613E-006
6.754158E-006
6.715239E-006
6.676858E-006
6.639017E-006
6.601716E-006
6.564957E-006
6.528741E-006
6.493070E-006
6.458716E-006
6.424862E-006
6.391463E-006
6.358473E-006
6.325847E-006
6.293539E-006
6.261504E-006
6.229696E-006
6.198070E-006
6.166580E-006
6.132201E-006
6.098047E-006
6.064255E-006
6.030959E-006
5.998294E-006
5.966396E-006
5.935399E-006
5.905439E-006
5.876651E-006
5.849170E-006
5.827829E-006
5.807781E-006
5.788875E-006
5.770963E-006
5.753894E-006
5.737520E-006
5.721690E-006
5.706254E-006
5.691064E-006
5.675970E-006
5.657264E-006
5.638570E-006
5.619954E-006
5.601482E-006
5.583220E-006
5.565234E-006
5.547590E-006
5.530354E-006
5.513592E-006
5.497370E-006
5.483561E-006
5.470314E-006
5.457586E-006
5.445333E-006
5.433513E-006
5.422081E-006
5.410995E-006
5.400210E-006
5.389682E-006
5.379370E-006
5.368683E-006
5.358157E-006
5.347781E-006
5.337545E-006
5.327439E-006
5.317451E-006
5.307572E-006
5.297790E-006
5.288097E-006
5.278480E-006
5.268630E-006
5.258855E-006
5.249161E-006
5.239558E-006
5.230052E-006
5.220652E-006
5.211365E-006
5.202199E-006
5.193161E-006
5.184260E-006
5.176586E-006
5.168998E-006
5.161439E-006
5.153850E-006
5.146173E-006
5.138351E-006
5.130326E-006
5.122039E-006
5.113433E-006
5.104450E-006
5.092843E-006
5.080876E-006
5.068623E-006
5.056159E-006
5.043560E-006
5.030899E-006
5.018252E-006
5.005694E-006
4.993298E-006
4.981140E-006
4.971153E-006
4.961441E-006
4.951966E-006
4.942690E-006
4.933574E-006
4.924582E-006
4.915676E-006
4.906817E-006
4.897968E-006
4.889090E-006
4.879580E-006
4.870000E-006
4.860347E-006
4.850617E-006
4.840807E-006
4.830913E-006
4.820932E-006
4.810860E-006
4.800694E-006
4.790430E-006
4.779750E-006
4.768984E-006
4.758148E-006
4.747257E-006
4.736326E-006
4.725372E-006
4.714410E-006
4.703455E-006
4.692523E-006
4.681630E-006
4.671392E-006
4.661186E-006
4.650993E-006
4.640792E-006
4.630561E-006
4.620279E-006
4.609926E-006
4.599481E-006
4.588922E-006
4.578230E-006
4.567084E-006
4.555781E-006
4.544317E-006
4.532690E-006
4.520896E-006
4.508934E-006
4.496800E-006
4.484492E-006
4.472006E-006
4.459340E-006
4.445777E-006
4.432072E-006
4.418265E-006
4.404396E-006
4.390506E-006
4.376636E-006
4.362826E-006
4.349116E-006
4.335547E-006
4.322160E-006
4.313342E-006
4.304523E-006
4.295480E-006
4.285989E-006
4.275829E-006
4.264775E-006
4.252606E-006
4.239097E-006
4.224026E-006
4.207170E-006
4.188306E-006
4.167211E-006
4.143662E-006
4.117435E-006
4.088309E-006
4.056059E-006
4.020464E-006
3.981299E-006
3.938342E-006
3.891370E-006
