#         [A]     [number]     [number]        [MeV]        [MeV]        [MeV]        [MeV]     [number]     [number]
#DEPTH/LENGTH        STOPS   PATHLENGTH    NUCL.LOSS   ELECT.LOSS  NUC.LOSS<ED  NUC.LOSS>ED   NUM.COLL.       NRT-DPA
  1.00000E+00  1.66700E+03  0.00000E+00  2.34057E-01  5.60266E-02  2.34057E-01  0.00000E+00  2.60094E+05  0.00000E+00
  3.00000E+00  3.84100E+03  0.00000E+00  2.66691E-01  8.65467E-02  2.66691E-01  0.00000E+00  3.15666E+05  0.00000E+00
  5.00000E+00  5.16900E+03  0.00000E+00  2.62132E-01  8.14174E-02  2.62132E-01  0.00000E+00  3.23157E+05  0.00000E+00
  7.00000E+00  5.46500E+03  0.00000E+00  2.24041E-01  6.74284E-02  2.24041E-01  0.00000E+00  2.88681E+05  0.00000E+00
  9.00000E+00  5.35400E+03  7.00000E+00  1.78595E-01  5.16493E-02  1.78595E-01  0.00000E+00  2.38491E+05  0.00000E+00
  1.10000E+01  4.81600E+03  7.30000E+01  1.32774E-01  3.67897E-02  1.32774E-01  0.00000E+00  1.84641E+05  0.00000E+00
  1.30000E+01  4.12300E+03  2.35000E+02  9.25019E-02  2.44141E-02  9.25019E-02  0.00000E+00  1.33233E+05  0.00000E+00
  1.50000E+01  3.12700E+03  7.12000E+02  5.83490E-02  1.49506E-02  5.83490E-02  0.00000E+00  8.79120E+04  0.00000E+00
  1.70000E+01  2.16000E+03  1.41900E+03  3.59701E-02  8.99383E-03  3.59701E-02  0.00000E+00  5.66550E+04  0.00000E+00
  1.90000E+01  1.46200E+03  2.45800E+03  2.08996E-02  5.04750E-03  2.08996E-02  0.00000E+00  3.42480E+04  0.00000E+00
  2.10000E+01  8.98000E+02  3.63800E+03  1.04837E-02  2.41221E-03  1.04837E-02  0.00000E+00  1.79430E+04  0.00000E+00
  2.30000E+01  5.20000E+02  4.71200E+03  5.19662E-03  1.17282E-03  5.19662E-03  0.00000E+00  9.28200E+03  0.00000E+00
  2.50000E+01  2.49000E+02  5.20500E+03  2.18280E-03  4.85840E-04  2.18280E-03  0.00000E+00  4.22400E+03  0.00000E+00
  2.70000E+01  1.08000E+02  5.31400E+03  7.79636E-04  1.74924E-04  7.79636E-04  0.00000E+00  1.65900E+03  0.00000E+00
  2.90000E+01  4.80000E+01  4.88200E+03  3.12902E-04  6.31914E-05  3.12902E-04  0.00000E+00  6.24000E+02  0.00000E+00
  3.10000E+01  1.50000E+01  3.96600E+03  8.21305E-05  1.64930E-05  8.21305E-05  0.00000E+00  1.86000E+02  0.00000E+00
  3.30000E+01  3.00000E+00  2.87200E+03  2.18232E-05  4.73640E-06  2.18232E-05  0.00000E+00  5.70000E+01  0.00000E+00
  3.50000E+01  1.00000E+00  1.84900E+03  6.69341E-06  1.28045E-06  6.69341E-06  0.00000E+00  1.50000E+01  0.00000E+00
  3.70000E+01  1.00000E+00  9.72000E+02  5.07039E-06  8.58221E-07  5.07039E-06  0.00000E+00  9.00000E+00  0.00000E+00
  3.90000E+01  0.00000E+00  4.53000E+02  0.00000E+00  0.00000E+00  0.00000E+00  0.00000E+00  0.00000E+00  0.00000E+00
  4.10000E+01  0.00000E+00  1.88000E+02  0.00000E+00  0.00000E+00  0.00000E+00  0.00000E+00  0.00000E+00  0.00000E+00
  4.30000E+01  0.00000E+00  5.50000E+01  0.00000E+00  0.00000E+00  0.00000E+00  0.00000E+00  0.00000E+00  0.00000E+00
  4.50000E+01  0.00000E+00  1.40000E+01  0.00000E+00  0.00000E+00  0.00000E+00  0.00000E+00  0.00000E+00  0.00000E+00
  4.70000E+01  0.00000E+00  3.00000E+00  0.00000E+00  0.00000E+00  0.00000E+00  0.00000E+00  0.00000E+00  0.00000E+00
  4.90000E+01  0.00000E+00  0.00000E+00  0.00000E+00  0.00000E+00  0.00000E+00  0.00000E+00  0.00000E+00  0.00000E+00
  5.10000E+01  0.00000E+00  0.00000E+00  0.00000E+00  0.00000E+00  0.00000E+00  0.00000E+00  0.00000E+00  0.00000E+00
#         sum  3.90270E+04  3.90270E+04  1.52508E+00  4.37597E-01  1.52508E+00  0.00000E+00  1.95678E+06  0.00000E+00