# PA lab sphere radiance in W/cm2/ster/nm at standard setting 8901 Foot_L, 6.145 A
# Data in 10 nm steps starting at 350 nm
2.2672E-06
2.88335E-06
3.84731E-06
4.88054E-06
6.12207E-06
7.54348E-06
9.16281E-06
1.08202E-05
1.26323E-05
1.46102E-05
1.65776E-05
1.88481E-05
2.1192E-05
2.35767E-05
2.61306E-05
2.87083E-05
3.12651E-05
3.39109E-05
3.65955E-05
3.92817E-05
4.19289E-05
4.46138E-05
4.72955E-05
4.98672E-05
5.22092E-05
5.47865E-05
5.72543E-05
5.95786E-05
6.17791E-05
6.3851E-05
6.5954E-05
6.79402E-05
6.96974E-05
7.15384E-05
7.32686E-05
7.47002E-05
7.60677E-05
7.73033E-05
7.85198E-05
7.94685E-05
8.03141E-05
8.13134E-05
8.22501E-05
8.28359E-05
8.34518E-05
8.40263E-05
8.4567E-05
8.50441E-05
8.55381E-05
8.60012E-05
8.64898E-05
8.69856E-05
8.74888E-05
8.79666E-05
8.86588E-05
8.90508E-05
8.92462E-05
8.93545E-05
8.94915E-05
8.97794E-05
9.0347E-05
9.0749E-05
9.11284E-05
9.09233E-05
9.07407E-05
9.04849E-05
8.98881E-05
9.00119E-05
8.9499E-05
8.89827E-05
8.84324E-05
8.79246E-05
8.72545E-05
8.66649E-05
8.5878E-05
8.46407E-05
8.24988E-05
8.16449E-05
8.09725E-05
8.01112E-05
8.00125E-05
7.87666E-05
7.69775E-05
7.69621E-05
7.67664E-05
7.60531E-05
7.54606E-05
7.47734E-05
7.39837E-05
7.31937E-05
7.22552E-05
7.13119E-05
7.1217E-05
7.02821E-05
6.92249E-05
6.80212E-05
6.692E-05
6.56156E-05
6.38991E-05
5.91446E-05
5.41039E-05
5.37274E-05
5.3142E-05
5.26032E-05
5.17432E-05
5.17274E-05
5.20601E-05
5.20392E-05
5.15237E-05
5.14181E-05
5.11222E-05
5.01923E-05
4.98076E-05
4.95217E-05
4.88787E-05
4.81401E-05
4.73849E-05
4.66592E-05
4.59606E-05
4.53495E-05
4.47579E-05
4.40454E-05
4.34848E-05
4.2835E-05
4.21846E-05
4.14297E-05
4.06523E-05
3.97043E-05
3.88131E-05
3.781E-05
3.68003E-05
3.56289E-05
3.45032E-05
3.34738E-05
3.25484E-05
3.18318E-05
3.12668E-05
3.08013E-05
3.06325E-05
3.06263E-05
3.05548E-05
3.02722E-05
2.97349E-05
2.8942E-05
2.79636E-05
2.69285E-05
2.56586E-05
2.45301E-05
2.35348E-05
2.27118E-05
2.2351E-05
2.16899E-05
2.15103E-05
2.08781E-05
2.02257E-05
1.97005E-05
1.92927E-05
1.91889E-05
1.90327E-05
1.86947E-05
1.83039E-05
1.77534E-05
1.69841E-05
1.61212E-05
1.51838E-05
1.42863E-05
1.34129E-05
1.25951E-05
1.1918E-05
1.13559E-05
1.08903E-05
1.04306E-05
9.97941E-06
9.5237E-06
9.09505E-06
8.61721E-06
8.17417E-06
7.86002E-06
7.78052E-06
7.90658E-06
8.24923E-06
8.79737E-06
9.38521E-06
9.86359E-06
1.02421E-05
1.04746E-05
1.04602E-05
1.03523E-05
9.9921E-06
9.67073E-06
9.28069E-06
8.84106E-06
8.35648E-06
7.90063E-06
7.64218E-06
7.30849E-06
6.87413E-06
6.49307E-06
6.16658E-06
5.84917E-06
5.67597E-06
5.49737E-06
5.37937E-06
5.27848E-06
5.18426E-06
5.10445E-06
4.98114E-06
4.88909E-06
4.79043E-06
4.68163E-06
4.57823E-06
4.45934E-06
4.32216E-06
4.20717E-06
3.89137E-06
