# S/XB Table for B I 821.2 nm (2s2p² ²D → 4f ²F)
# Generated by standalone CR model
# WARNING: Uses simplified atomic physics - validate with ADAS
#
# Te range: 2.00 - 50.00 eV
# ne range: 1.00e+18 - 3.16e+19 m^-3
#
# Format: Te(eV)  ne(m^-3)  S/XB(ph/ion)
#============================================================
   2.000   1.00000e+18   2.23787e-03
   2.000   1.10692e+18   2.47676e-03
   2.000   1.22528e+18   2.74110e-03
   2.000   1.35629e+18   3.03360e-03
   2.000   1.50131e+18   3.35724e-03
   2.000   1.66184e+18   3.71533e-03
   2.000   1.83953e+18   4.11151e-03
   2.000   2.03621e+18   4.54980e-03
   2.000   2.25393e+18   5.03466e-03
   2.000   2.49493e+18   5.57100e-03
   2.000   2.76170e+18   6.16425e-03
   2.000   3.05699e+18   6.82038e-03
   2.000   3.38386e+18   7.54600e-03
   2.000   3.74567e+18   8.34839e-03
   2.000   4.14617e+18   9.23557e-03
   2.000   4.58949e+18   1.02164e-02
   2.000   5.08022e+18   1.13006e-02
   2.000   5.62341e+18   1.24989e-02
   2.000   6.22469e+18   1.38231e-02
   2.000   6.89025e+18   1.52862e-02
   2.000   7.62699e+18   1.69023e-02
   2.000   8.44249e+18   1.86872e-02
   2.000   9.34519e+18   2.06580e-02
   2.000   1.03444e+19   2.28335e-02
   2.000   1.14505e+19   2.52341e-02
   2.000   1.26748e+19   2.78824e-02
   2.000   1.40300e+19   3.08028e-02
   2.000   1.55302e+19   3.40221e-02
   2.000   1.71907e+19   3.75693e-02
   2.000   1.90288e+19   4.14759e-02
   2.000   2.10634e+19   4.57760e-02
   2.000   2.33156e+19   5.05065e-02
   2.000   2.58086e+19   5.57071e-02
   2.000   2.85682e+19   6.14206e-02
   2.000   3.16228e+19   6.76926e-02
   2.172   1.00000e+18   2.16296e-03
   2.172   1.10692e+18   2.39383e-03
   2.172   1.22528e+18   2.64931e-03
   2.172   1.35629e+18   2.93199e-03
   2.172   1.50131e+18   3.24476e-03
   2.172   1.66184e+18   3.59081e-03
   2.172   1.83953e+18   3.97367e-03
   2.172   2.03621e+18   4.39721e-03
   2.172   2.25393e+18   4.86575e-03
   2.172   2.49493e+18   5.38401e-03
   2.172   2.76170e+18   5.95725e-03
   2.172   3.05699e+18   6.59122e-03
   2.172   3.38386e+18   7.29232e-03
   2.172   3.74567e+18   8.06755e-03
   2.172   4.14617e+18   8.92467e-03
   2.172   4.58949e+18   9.87221e-03
   2.172   5.08022e+18   1.09196e-02
   2.172   5.62341e+18   1.20771e-02
   2.172   6.22469e+18   1.33561e-02
   2.172   6.89025e+18   1.47691e-02
   2.172   7.62699e+18   1.63299e-02
   2.172   8.44249e+18   1.80534e-02
   2.172   9.34519e+18   1.99562e-02
   2.172   1.03444e+19   2.20564e-02
   2.172   1.14505e+19   2.43737e-02
   2.172   1.26748e+19   2.69297e-02
   2.172   1.40300e+19   2.97480e-02
   2.172   1.55302e+19   3.28541e-02
   2.172   1.71907e+19   3.62758e-02
   2.172   1.90288e+19   4.00435e-02
   2.172   2.10634e+19   4.41898e-02
   2.172   2.33156e+19   4.87500e-02
   2.172   2.58086e+19   5.37619e-02
   2.172   2.85682e+19   5.92664e-02
   2.172   3.16228e+19   6.53069e-02
   2.359   1.00000e+18   2.09618e-03
   2.359   1.10692e+18   2.31991e-03
   2.359   1.22528e+18   2.56748e-03
   2.359   1.35629e+18   2.84140e-03
   2.359   1.50131e+18   3.14449e-03
   2.359   1.66184e+18   3.47981e-03
   2.359   1.83953e+18   3.85078e-03
   2.359   2.03621e+18   4.26118e-03
   2.359   2.25393e+18   4.71515e-03
   2.359   2.49493e+18   5.21730e-03
   2.359   2.76170e+18   5.77268e-03
   2.359   3.05699e+18   6.38689e-03
   2.359   3.38386e+18   7.06610e-03
   2.359   3.74567e+18   7.81710e-03
   2.359   4.14617e+18   8.64739e-03
   2.359   4.58949e+18   9.56522e-03
   2.359   5.08022e+18   1.05797e-02
   2.359   5.62341e+18   1.17007e-02
   2.359   6.22469e+18   1.29394e-02
   2.359   6.89025e+18   1.43077e-02
   2.359   7.62699e+18   1.58190e-02
   2.359   8.44249e+18   1.74877e-02
   2.359   9.34519e+18   1.93298e-02
   2.359   1.03444e+19   2.13627e-02
   2.359   1.14505e+19   2.36055e-02
   2.359   1.26748e+19   2.60789e-02
   2.359   1.40300e+19   2.88057e-02
   2.359   1.55302e+19   3.18104e-02
   2.359   1.71907e+19   3.51199e-02
   2.359   1.90288e+19   3.87631e-02
   2.359   2.10634e+19   4.27714e-02
   2.359   2.33156e+19   4.71787e-02
   2.359   2.58086e+19   5.20212e-02
   2.359   2.85682e+19   5.73379e-02
   2.359   3.16228e+19   6.31703e-02
   2.562   1.00000e+18   2.03650e-03
   2.562   1.10692e+18   2.25385e-03
   2.562   1.22528e+18   2.49435e-03
   2.562   1.35629e+18   2.76045e-03
   2.562   1.50131e+18   3.05486e-03
   2.562   1.66184e+18   3.38059e-03
   2.562   1.83953e+18   3.74094e-03
   2.562   2.03621e+18   4.13958e-03
   2.562   2.25393e+18   4.58053e-03
   2.562   2.49493e+18   5.06825e-03
   2.562   2.76170e+18   5.60767e-03
   2.562   3.05699e+18   6.20420e-03
   2.562   3.38386e+18   6.86383e-03
   2.562   3.74567e+18   7.59315e-03
   2.562   4.14617e+18   8.39943e-03
   2.562   4.58949e+18   9.29066e-03
   2.562   5.08022e+18   1.02757e-02
   2.562   5.62341e+18   1.13641e-02
   2.562   6.22469e+18   1.25666e-02
   2.562   6.89025e+18   1.38949e-02
   2.562   7.62699e+18   1.53618e-02
   2.562   8.44249e+18   1.69814e-02
   2.562   9.34519e+18   1.87690e-02
   2.562   1.03444e+19   2.07416e-02
   2.562   1.14505e+19   2.29175e-02
   2.562   1.26748e+19   2.53168e-02
   2.562   1.40300e+19   2.79614e-02
   2.562   1.55302e+19   3.08751e-02
   2.562   1.71907e+19   3.40836e-02
   2.562   1.90288e+19   3.76148e-02
   2.562   2.10634e+19   4.14991e-02
   2.562   2.33156e+19   4.57687e-02
   2.562   2.58086e+19   5.04585e-02
   2.562   2.85682e+19   5.56059e-02
   2.562   3.16228e+19   6.12504e-02
   2.782   1.00000e+18   1.98304e-03
   2.782   1.10692e+18   2.19467e-03
   2.782   1.22528e+18   2.42883e-03
   2.782   1.35629e+18   2.68791e-03
   2.782   1.50131e+18   2.97456e-03
   2.782   1.66184e+18   3.29169e-03
   2.782   1.83953e+18   3.64252e-03
   2.782   2.03621e+18   4.03061e-03
   2.782   2.25393e+18   4.45989e-03
   2.782   2.49493e+18   4.93469e-03
   2.782   2.76170e+18   5.45978e-03
   2.782   3.05699e+18   6.04046e-03
   2.782   3.38386e+18   6.68253e-03
   2.782   3.74567e+18   7.39240e-03
   2.782   4.14617e+18   8.17713e-03
   2.782   4.58949e+18   9.04449e-03
   2.782   5.08022e+18   1.00030e-02
   2.782   5.62341e+18   1.10622e-02
   2.782   6.22469e+18   1.22323e-02
   2.782   6.89025e+18   1.35246e-02
   2.782   7.62699e+18   1.49516e-02
   2.782   8.44249e+18   1.65270e-02
   2.782   9.34519e+18   1.82657e-02
   2.782   1.03444e+19   2.01840e-02
   2.782   1.14505e+19   2.22997e-02
   2.782   1.26748e+19   2.46323e-02
   2.782   1.40300e+19   2.72029e-02
   2.782   1.55302e+19   3.00345e-02
   2.782   1.71907e+19   3.31519e-02
   2.782   1.90288e+19   3.65822e-02
   2.782   2.10634e+19   4.03543e-02
   2.782   2.33156e+19   4.44995e-02
   2.782   2.58086e+19   4.90512e-02
   2.782   2.85682e+19   5.40453e-02
   2.782   3.16228e+19   5.95197e-02
   3.022   1.00000e+18   1.93504e-03
   3.022   1.10692e+18   2.14153e-03
   3.022   1.22528e+18   2.37000e-03
   3.022   1.35629e+18   2.62278e-03
   3.022   1.50131e+18   2.90245e-03
   3.022   1.66184e+18   3.21186e-03
   3.022   1.83953e+18   3.55414e-03
   3.022   2.03621e+18   3.93275e-03
   3.022   2.25393e+18   4.35154e-03
   3.022   2.49493e+18   4.81471e-03
   3.022   2.76170e+18   5.32694e-03
   3.022   3.05699e+18   5.89336e-03
   3.022   3.38386e+18   6.51964e-03
   3.022   3.74567e+18   7.21201e-03
   3.022   4.14617e+18   7.97736e-03
   3.022   4.58949e+18   8.82326e-03
   3.022   5.08022e+18   9.75801e-03
   3.022   5.62341e+18   1.07908e-02
   3.022   6.22469e+18   1.19316e-02
   3.022   6.89025e+18   1.31916e-02
   3.022   7.62699e+18   1.45827e-02
   3.022   8.44249e+18   1.61183e-02
   3.022   9.34519e+18   1.78128e-02
   3.022   1.03444e+19   1.96821e-02
   3.022   1.14505e+19   2.17436e-02
   3.022   1.26748e+19   2.40159e-02
   3.022   1.40300e+19   2.65196e-02
   3.022   1.55302e+19   2.92769e-02
   3.022   1.71907e+19   3.23120e-02
   3.022   1.90288e+19   3.56508e-02
   3.022   2.10634e+19   3.93213e-02
   3.022   2.33156e+19   4.33537e-02
   3.022   2.58086e+19   4.77801e-02
   3.022   2.85682e+19   5.26350e-02
   3.022   3.16228e+19   5.79547e-02
   3.282   1.00000e+18   1.89186e-03
   3.282   1.10692e+18   2.09372e-03
   3.282   1.22528e+18   2.31706e-03
   3.282   1.35629e+18   2.56418e-03
   3.282   1.50131e+18   2.83757e-03
   3.282   1.66184e+18   3.14002e-03
   3.282   1.83953e+18   3.47459e-03
   3.282   2.03621e+18   3.84468e-03
   3.282   2.25393e+18   4.25401e-03
   3.282   2.49493e+18   4.70672e-03
   3.282   2.76170e+18   5.20735e-03
   3.282   3.05699e+18   5.76093e-03
   3.282   3.38386e+18   6.37297e-03
   3.282   3.74567e+18   7.04958e-03
   3.282   4.14617e+18   7.79746e-03
   3.282   4.58949e+18   8.62398e-03
   3.282   5.08022e+18   9.53728e-03
   3.282   5.62341e+18   1.05463e-02
   3.282   6.22469e+18   1.16607e-02
   3.282   6.89025e+18   1.28914e-02
   3.282   7.62699e+18   1.42501e-02
   3.282   8.44249e+18   1.57497e-02
   3.282   9.34519e+18   1.74043e-02
   3.282   1.03444e+19   1.92293e-02
   3.282   1.14505e+19   2.12416e-02
   3.282   1.26748e+19   2.34593e-02
   3.282   1.40300e+19   2.59024e-02
   3.282   1.55302e+19   2.85925e-02
   3.282   1.71907e+19   3.15528e-02
   3.282   1.90288e+19   3.48085e-02
   3.282   2.10634e+19   3.83867e-02
   3.282   2.33156e+19   4.23164e-02
   3.282   2.58086e+19   4.66287e-02
   3.282   2.85682e+19   5.13566e-02
   3.282   3.16228e+19   5.65351e-02
   3.564   1.00000e+18   1.85293e-03
   3.564   1.10692e+18   2.05062e-03
   3.564   1.22528e+18   2.26934e-03
   3.564   1.35629e+18   2.51134e-03
   3.564   1.50131e+18   2.77907e-03
   3.564   1.66184e+18   3.07524e-03
   3.564   1.83953e+18   3.40286e-03
   3.564   2.03621e+18   3.76525e-03
   3.564   2.25393e+18   4.16606e-03
   3.564   2.49493e+18   4.60932e-03
   3.564   2.76170e+18   5.09948e-03
   3.564   3.05699e+18   5.64146e-03
   3.564   3.38386e+18   6.24065e-03
   3.564   3.74567e+18   6.90301e-03
   3.564   4.14617e+18   7.63510e-03
   3.564   4.58949e+18   8.44412e-03
   3.564   5.08022e+18   9.33801e-03
   3.564   5.62341e+18   1.03255e-02
   3.564   6.22469e+18   1.14161e-02
   3.564   6.89025e+18   1.26203e-02
   3.564   7.62699e+18   1.39496e-02
   3.564   8.44249e+18   1.54166e-02
   3.564   9.34519e+18   1.70350e-02
   3.564   1.03444e+19   1.88198e-02
   3.564   1.14505e+19   2.07875e-02
   3.564   1.26748e+19   2.29556e-02
   3.564   1.40300e+19   2.53437e-02
   3.564   1.55302e+19   2.79725e-02
   3.564   1.71907e+19   3.08647e-02
   3.564   1.90288e+19   3.40447e-02
   3.564   2.10634e+19   3.75387e-02
   3.564   2.33156e+19   4.13747e-02
   3.564   2.58086e+19   4.55827e-02
   3.564   2.85682e+19   5.01944e-02
   3.564   3.16228e+19   5.52435e-02
   3.871   1.00000e+18   1.81777e-03
   3.871   1.10692e+18   2.01169e-03
   3.871   1.22528e+18   2.22625e-03
   3.871   1.35629e+18   2.46362e-03
   3.871   1.50131e+18   2.72623e-03
   3.871   1.66184e+18   3.01673e-03
   3.871   1.83953e+18   3.33807e-03
   3.871   2.03621e+18   3.69350e-03
   3.871   2.25393e+18   4.08659e-03
   3.871   2.49493e+18   4.52131e-03
   3.871   2.76170e+18   5.00201e-03
   3.871   3.05699e+18   5.53349e-03
   3.871   3.38386e+18   6.12105e-03
   3.871   3.74567e+18   6.77051e-03
   3.871   4.14617e+18   7.48830e-03
   3.871   4.58949e+18   8.28146e-03
   3.871   5.08022e+18   9.15776e-03
   3.871   5.62341e+18   1.01257e-02
   3.871   6.22469e+18   1.11947e-02
   3.871   6.89025e+18   1.23748e-02
   3.871   7.62699e+18   1.36775e-02
   3.871   8.44249e+18   1.51149e-02
   3.871   9.34519e+18   1.67004e-02
   3.871   1.03444e+19   1.84487e-02
   3.871   1.14505e+19   2.03757e-02
   3.871   1.26748e+19   2.24987e-02
   3.871   1.40300e+19   2.48366e-02
   3.871   1.55302e+19   2.74095e-02
   3.871   1.71907e+19   3.02396e-02
   3.871   1.90288e+19   3.33504e-02
   3.871   2.10634e+19   3.67673e-02
   3.871   2.33156e+19   4.05175e-02
   3.871   2.58086e+19   4.46298e-02
   3.871   2.85682e+19   4.91348e-02
   3.871   3.16228e+19   5.40649e-02
   4.204   1.00000e+18   1.78597e-03
   4.204   1.10692e+18   1.97648e-03
   4.204   1.22528e+18   2.18726e-03
   4.204   1.35629e+18   2.42045e-03
   4.204   1.50131e+18   2.67842e-03
   4.204   1.66184e+18   2.96379e-03
   4.204   1.83953e+18   3.27944e-03
   4.204   2.03621e+18   3.62856e-03
   4.204   2.25393e+18   4.01467e-03
   4.204   2.49493e+18   4.44165e-03
   4.204   2.76170e+18   4.91376e-03
   4.204   3.05699e+18   5.43573e-03
   4.204   3.38386e+18   6.01274e-03
   4.204   3.74567e+18   6.65051e-03
   4.204   4.14617e+18   7.35532e-03
   4.204   4.58949e+18   8.13409e-03
   4.204   5.08022e+18   8.99442e-03
   4.204   5.62341e+18   9.94464e-03
   4.204   6.22469e+18   1.09939e-02
   4.204   6.89025e+18   1.21522e-02
   4.204   7.62699e+18   1.34306e-02
   4.204   8.44249e+18   1.48410e-02
   4.204   9.34519e+18   1.63966e-02
   4.204   1.03444e+19   1.81116e-02
   4.204   1.14505e+19   2.00015e-02
   4.204   1.26748e+19   2.20833e-02
   4.204   1.40300e+19   2.43753e-02
   4.204   1.55302e+19   2.68971e-02
   4.204   1.71907e+19   2.96703e-02
   4.204   1.90288e+19   3.27176e-02
   4.204   2.10634e+19   3.60638e-02
   4.204   2.33156e+19   3.97350e-02
   4.204   2.58086e+19   4.37592e-02
   4.204   2.85682e+19   4.81660e-02
   4.204   3.16228e+19   5.29862e-02
   4.565   1.00000e+18   1.75717e-03
   4.565   1.10692e+18   1.94459e-03
   4.565   1.22528e+18   2.15194e-03
   4.565   1.35629e+18   2.38134e-03
   4.565   1.50131e+18   2.63511e-03
   4.565   1.66184e+18   2.91582e-03
   4.565   1.83953e+18   3.22631e-03
   4.565   2.03621e+18   3.56971e-03
   4.565   2.25393e+18   3.94948e-03
   4.565   2.49493e+18   4.36942e-03
   4.565   2.76170e+18   4.83375e-03
   4.565   3.05699e+18   5.34707e-03
   4.565   3.38386e+18   5.91450e-03
   4.565   3.74567e+18   6.54163e-03
   4.565   4.14617e+18   7.23465e-03
   4.565   4.58949e+18   8.00033e-03
   4.565   5.08022e+18   8.84612e-03
   4.565   5.62341e+18   9.78021e-03
   4.565   6.22469e+18   1.08115e-02
   4.565   6.89025e+18   1.19500e-02
   4.565   7.62699e+18   1.32062e-02
   4.565   8.44249e+18   1.45920e-02
   4.565   9.34519e+18   1.61202e-02
   4.565   1.03444e+19   1.78047e-02
   4.565   1.14505e+19   1.96608e-02
   4.565   1.26748e+19   2.17048e-02
   4.565   1.40300e+19   2.39547e-02
   4.565   1.55302e+19   2.64296e-02
   4.565   1.71907e+19   2.91505e-02
   4.565   1.90288e+19   3.21395e-02
   4.565   2.10634e+19   3.54204e-02
   4.565   2.33156e+19   3.90189e-02
   4.565   2.58086e+19   4.29617e-02
   4.565   2.85682e+19   4.72775e-02
   4.565   3.16228e+19   5.19960e-02
   4.958   1.00000e+18   1.73104e-03
   4.958   1.10692e+18   1.91565e-03
   4.958   1.22528e+18   2.11990e-03
   4.958   1.35629e+18   2.34585e-03
   4.958   1.50131e+18   2.59580e-03
   4.958   1.66184e+18   2.87228e-03
   4.958   1.83953e+18   3.17808e-03
   4.958   2.03621e+18   3.51628e-03
   4.958   2.25393e+18   3.89029e-03
   4.958   2.49493e+18   4.30384e-03
   4.958   2.76170e+18   4.76108e-03
   4.958   3.05699e+18   5.26654e-03
   4.958   3.38386e+18   5.82524e-03
   4.958   3.74567e+18   6.44270e-03
   4.958   4.14617e+18   7.12497e-03
   4.958   4.58949e+18   7.87872e-03
   4.958   5.08022e+18   8.71126e-03
   4.958   5.62341e+18   9.63062e-03
   4.958   6.22469e+18   1.06456e-02
   4.958   6.89025e+18   1.17658e-02
   4.958   7.62699e+18   1.30018e-02
   4.958   8.44249e+18   1.43651e-02
   4.958   9.34519e+18   1.58683e-02
   4.958   1.03444e+19   1.75249e-02
   4.958   1.14505e+19   1.93498e-02
   4.958   1.26748e+19   2.13592e-02
   4.958   1.40300e+19   2.35703e-02
   4.958   1.55302e+19   2.60021e-02
   4.958   1.71907e+19   2.86747e-02
   4.958   1.90288e+19   3.16098e-02
   4.958   2.10634e+19   3.48306e-02
   4.958   2.33156e+19   3.83616e-02
   4.958   2.58086e+19   4.22290e-02
   4.958   2.85682e+19   4.64603e-02
   4.958   3.16228e+19   5.10843e-02
   5.385   1.00000e+18   1.70730e-03
   5.385   1.10692e+18   1.88936e-03
   5.385   1.22528e+18   2.09078e-03
   5.385   1.35629e+18   2.31360e-03
   5.385   1.50131e+18   2.56008e-03
   5.385   1.66184e+18   2.83271e-03
   5.385   1.83953e+18   3.13424e-03
   5.385   2.03621e+18   3.46772e-03
   5.385   2.25393e+18   3.83647e-03
   5.385   2.49493e+18   4.24421e-03
   5.385   2.76170e+18   4.69499e-03
   5.385   3.05699e+18   5.19328e-03
   5.385   3.38386e+18   5.74403e-03
   5.385   3.74567e+18   6.35266e-03
   5.385   4.14617e+18   7.02512e-03
   5.385   4.58949e+18   7.76797e-03
   5.385   5.08022e+18   8.58841e-03
   5.385   5.62341e+18   9.49431e-03
   5.385   6.22469e+18   1.04943e-02
   5.385   6.89025e+18   1.15979e-02
   5.385   7.62699e+18   1.28154e-02
   5.385   8.44249e+18   1.41580e-02
   5.385   9.34519e+18   1.56381e-02
   5.385   1.03444e+19   1.72691e-02
   5.385   1.14505e+19   1.90654e-02
   5.385   1.26748e+19   2.10428e-02
   5.385   1.40300e+19   2.32183e-02
   5.385   1.55302e+19   2.56102e-02
   5.385   1.71907e+19   2.82382e-02
   5.385   1.90288e+19   3.11234e-02
   5.385   2.10634e+19   3.42883e-02
   5.385   2.33156e+19   3.77568e-02
   5.385   2.58086e+19   4.15540e-02
   5.385   2.85682e+19   4.57066e-02
   5.385   3.16228e+19   5.02421e-02
   5.848   1.00000e+18   1.68571e-03
   5.848   1.10692e+18   1.86545e-03
   5.848   1.22528e+18   2.06430e-03
   5.848   1.35629e+18   2.28426e-03
   5.848   1.50131e+18   2.52758e-03
   5.848   1.66184e+18   2.79670e-03
   5.848   1.83953e+18   3.09435e-03
   5.848   2.03621e+18   3.42351e-03
   5.848   2.25393e+18   3.78748e-03
   5.848   2.49493e+18   4.18991e-03
   5.848   2.76170e+18   4.63479e-03
   5.848   3.05699e+18   5.12655e-03
   5.848   3.38386e+18   5.67003e-03
   5.848   3.74567e+18   6.27059e-03
   5.848   4.14617e+18   6.93408e-03
   5.848   4.58949e+18   7.66697e-03
   5.848   5.08022e+18   8.47631e-03
   5.848   5.62341e+18   9.36988e-03
   5.848   6.22469e+18   1.03562e-02
   5.848   6.89025e+18   1.14444e-02
   5.848   7.62699e+18   1.26449e-02
   5.848   8.44249e+18   1.39685e-02
   5.848   9.34519e+18   1.54275e-02
   5.848   1.03444e+19   1.70348e-02
   5.848   1.14505e+19   1.88047e-02
   5.848   1.26748e+19   2.07526e-02
   5.848   1.40300e+19   2.28951e-02
   5.848   1.55302e+19   2.52501e-02
   5.848   1.71907e+19   2.78368e-02
   5.848   1.90288e+19   3.06756e-02
   5.848   2.10634e+19   3.37885e-02
   5.848   2.33156e+19   3.71986e-02
   5.848   2.58086e+19   4.09303e-02
   5.848   2.85682e+19   4.50092e-02
   5.848   3.16228e+19   4.94619e-02
   6.351   1.00000e+18   1.66606e-03
   6.351   1.10692e+18   1.84368e-03
   6.351   1.22528e+18   2.04018e-03
   6.351   1.35629e+18   2.25754e-03
   6.351   1.50131e+18   2.49797e-03
   6.351   1.66184e+18   2.76390e-03
   6.351   1.83953e+18   3.05799e-03
   6.351   2.03621e+18   3.38321e-03
   6.351   2.25393e+18   3.74282e-03
   6.351   2.49493e+18   4.14039e-03
   6.351   2.76170e+18   4.57989e-03
   6.351   3.05699e+18   5.06566e-03
   6.351   3.38386e+18   5.60250e-03
   6.351   3.74567e+18   6.19567e-03
   6.351   4.14617e+18   6.85095e-03
   6.351   4.58949e+18   7.57470e-03
   6.351   5.08022e+18   8.37387e-03
   6.351   5.62341e+18   9.25612e-03
   6.351   6.22469e+18   1.02298e-02
   6.351   6.89025e+18   1.13040e-02
   6.351   7.62699e+18   1.24888e-02
   6.351   8.44249e+18   1.37949e-02
   6.351   9.34519e+18   1.52343e-02
   6.351   1.03444e+19   1.68198e-02
   6.351   1.14505e+19   1.85653e-02
   6.351   1.26748e+19   2.04859e-02
   6.351   1.40300e+19   2.25977e-02
   6.351   1.55302e+19   2.49184e-02
   6.351   1.71907e+19   2.74666e-02
   6.351   1.90288e+19   3.02622e-02
   6.351   2.10634e+19   3.33265e-02
   6.351   2.33156e+19   3.66820e-02
   6.351   2.58086e+19   4.03522e-02
   6.351   2.85682e+19   4.43620e-02
   6.351   3.16228e+19   4.87368e-02
   6.898   1.00000e+18   1.64814e-03
   6.898   1.10692e+18   1.82383e-03
   6.898   1.22528e+18   2.01818e-03
   6.898   1.35629e+18   2.23317e-03
   6.898   1.50131e+18   2.47097e-03
   6.898   1.66184e+18   2.73397e-03
   6.898   1.83953e+18   3.02482e-03
   6.898   2.03621e+18   3.34644e-03
   6.898   2.25393e+18   3.70205e-03
   6.898   2.49493e+18   4.09519e-03
   6.898   2.76170e+18   4.52975e-03
   6.898   3.05699e+18   5.01005e-03
   6.898   3.38386e+18   5.54079e-03
   6.898   3.74567e+18   6.12718e-03
   6.898   4.14617e+18   6.77493e-03
   6.898   4.58949e+18   7.49028e-03
   6.898   5.08022e+18   8.28011e-03
   6.898   5.62341e+18   9.15194e-03
   6.898   6.22469e+18   1.01140e-02
   6.898   6.89025e+18   1.11752e-02
   6.898   7.62699e+18   1.23455e-02
   6.898   8.44249e+18   1.36355e-02
   6.898   9.34519e+18   1.50568e-02
   6.898   1.03444e+19   1.66221e-02
   6.898   1.14505e+19   1.83449e-02
   6.898   1.26748e+19   2.02401e-02
   6.898   1.40300e+19   2.23235e-02
   6.898   1.55302e+19   2.46121e-02
   6.898   1.71907e+19   2.71243e-02
   6.898   1.90288e+19   2.98795e-02
   6.898   2.10634e+19   3.28983e-02
   6.898   2.33156e+19   3.62025e-02
   6.898   2.58086e+19   3.98149e-02
   6.898   2.85682e+19   4.37594e-02
   6.898   3.16228e+19   4.80605e-02
   7.491   1.00000e+18   1.63179e-03
   7.491   1.10692e+18   1.80571e-03
   7.491   1.22528e+18   1.99811e-03
   7.491   1.35629e+18   2.21093e-03
   7.491   1.50131e+18   2.44631e-03
   7.491   1.66184e+18   2.70664e-03
   7.491   1.83953e+18   2.99453e-03
   7.491   2.03621e+18   3.31285e-03
   7.491   2.25393e+18   3.66480e-03
   7.491   2.49493e+18   4.05386e-03
   7.491   2.76170e+18   4.48391e-03
   7.491   3.05699e+18   4.95917e-03
   7.491   3.38386e+18   5.48433e-03
   7.491   3.74567e+18   6.06449e-03
   7.491   4.14617e+18   6.70530e-03
   7.491   4.58949e+18   7.41293e-03
   7.491   5.08022e+18   8.19415e-03
   7.491   5.62341e+18   9.05637e-03
   7.491   6.22469e+18   1.00077e-02
   7.491   6.89025e+18   1.10570e-02
   7.491   7.62699e+18   1.22139e-02
   7.491   8.44249e+18   1.34889e-02
   7.491   9.34519e+18   1.48934e-02
   7.491   1.03444e+19   1.64399e-02
   7.491   1.14505e+19   1.81416e-02
   7.491   1.26748e+19   2.00131e-02
   7.491   1.40300e+19   2.20698e-02
   7.491   1.55302e+19   2.43286e-02
   7.491   1.71907e+19   2.68071e-02
   7.491   1.90288e+19   2.95242e-02
   7.491   2.10634e+19   3.25002e-02
   7.491   2.33156e+19   3.57560e-02
   7.491   2.58086e+19   3.93138e-02
   7.491   2.85682e+19   4.31965e-02
   7.491   3.16228e+19   4.42714e-02
   8.136   1.00000e+18   1.61685e-03
   8.136   1.10692e+18   1.78916e-03
   8.136   1.22528e+18   1.97977e-03
   8.136   1.35629e+18   2.19060e-03
   8.136   1.50131e+18   2.42378e-03
   8.136   1.66184e+18   2.68166e-03
   8.136   1.83953e+18   2.96682e-03
   8.136   2.03621e+18   3.28212e-03
   8.136   2.25393e+18   3.63071e-03
   8.136   2.49493e+18   4.01604e-03
   8.136   2.76170e+18   4.44194e-03
   8.136   3.05699e+18   4.91258e-03
   8.136   3.38386e+18   5.43259e-03
   8.136   3.74567e+18   6.00702e-03
   8.136   4.14617e+18   6.64144e-03
   8.136   4.58949e+18   7.34195e-03
   8.136   5.08022e+18   8.11522e-03
   8.136   5.62341e+18   8.96856e-03
   8.136   6.22469e+18   9.90996e-03
   8.136   6.89025e+18   1.09481e-02
   8.136   7.62699e+18   1.20926e-02
   8.136   8.44249e+18   1.33537e-02
   8.136   9.34519e+18   1.47426e-02
   8.136   1.03444e+19   1.62715e-02
   8.136   1.14505e+19   1.79536e-02
   8.136   1.26748e+19   1.98029e-02
   8.136   1.40300e+19   2.18348e-02
   8.136   1.55302e+19   2.40654e-02
   8.136   1.71907e+19   2.65122e-02
   8.136   1.90288e+19   2.91936e-02
   8.136   2.10634e+19   3.21290e-02
   8.136   2.33156e+19   3.53391e-02
   8.136   2.58086e+19   3.88450e-02
   8.136   2.85682e+19   3.95507e-02
   8.136   3.16228e+19   3.95304e-02
   8.836   1.00000e+18   1.60320e-03
   8.836   1.10692e+18   1.77403e-03
   8.836   1.22528e+18   1.96300e-03
   8.836   1.35629e+18   2.17200e-03
   8.836   1.50131e+18   2.40316e-03
   8.836   1.66184e+18   2.65879e-03
   8.836   1.83953e+18   2.94146e-03
   8.836   2.03621e+18   3.25399e-03
   8.836   2.25393e+18   3.59949e-03
   8.836   2.49493e+18   3.98139e-03
   8.836   2.76170e+18   4.40346e-03
   8.836   3.05699e+18   4.86985e-03
   8.836   3.38386e+18   5.38511e-03
   8.836   3.74567e+18   5.95426e-03
   8.836   4.14617e+18   6.58279e-03
   8.836   4.58949e+18   7.27671e-03
   8.836   5.08022e+18   8.04262e-03
   8.836   5.62341e+18   8.88774e-03
   8.836   6.22469e+18   9.81994e-03
   8.836   6.89025e+18   1.08478e-02
   8.836   7.62699e+18   1.19807e-02
   8.836   8.44249e+18   1.32288e-02
   8.836   9.34519e+18   1.46032e-02
   8.836   1.03444e+19   1.61157e-02
   8.836   1.14505e+19   1.77793e-02
   8.836   1.26748e+19   1.96079e-02
   8.836   1.40300e+19   2.16163e-02
   8.836   1.55302e+19   2.38204e-02
   8.836   1.71907e+19   2.62373e-02
   8.836   1.90288e+19   2.88848e-02
   8.836   2.10634e+19   3.17819e-02
   8.836   2.33156e+19   3.49484e-02
   8.836   2.58086e+19   3.55343e-02
   8.836   2.85682e+19   3.55171e-02
   8.836   3.16228e+19   3.54981e-02
   9.596   1.00000e+18   1.59071e-03
   9.596   1.10692e+18   1.76018e-03
   9.596   1.22528e+18   1.94764e-03
   9.596   1.35629e+18   2.15498e-03
   9.596   1.50131e+18   2.38428e-03
   9.596   1.66184e+18   2.63784e-03
   9.596   1.83953e+18   2.91822e-03
   9.596   2.03621e+18   3.22819e-03
   9.596   2.25393e+18   3.57085e-03
   9.596   2.49493e+18   3.94959e-03
   9.596   2.76170e+18   4.36814e-03
   9.596   3.05699e+18   4.83061e-03
   9.596   3.38386e+18   5.34149e-03
   9.596   3.74567e+18   5.90576e-03
   9.596   4.14617e+18   6.52883e-03
   9.596   4.58949e+18   7.21665e-03
   9.596   5.08022e+18   7.97574e-03
   9.596   5.62341e+18   8.81323e-03
   9.596   6.22469e+18   9.73687e-03
   9.596   6.89025e+18   1.07551e-02
   9.596   7.62699e+18   1.18773e-02
   9.596   8.44249e+18   1.31133e-02
   9.596   9.34519e+18   1.44740e-02
   9.596   1.03444e+19   1.59712e-02
   9.596   1.14505e+19   1.76174e-02
   9.596   1.26748e+19   1.94264e-02
   9.596   1.40300e+19   2.14127e-02
   9.596   1.55302e+19   2.35918e-02
   9.596   1.71907e+19   2.59803e-02
   9.596   1.90288e+19   2.85956e-02
   9.596   2.10634e+19   3.14562e-02
   9.596   2.33156e+19   3.20929e-02
   9.596   2.58086e+19   3.20782e-02
   9.596   2.85682e+19   3.20621e-02
   9.596   3.16228e+19   3.20442e-02
  10.421   1.00000e+18   1.57926e-03
  10.421   1.10692e+18   1.74749e-03
  10.421   1.22528e+18   1.93357e-03
  10.421   1.35629e+18   2.13937e-03
  10.421   1.50131e+18   2.36696e-03
  10.421   1.66184e+18   2.61863e-03
  10.421   1.83953e+18   2.89689e-03
  10.421   2.03621e+18   3.20452e-03
  10.421   2.25393e+18   3.54456e-03
  10.421   2.49493e+18   3.92039e-03
  10.421   2.76170e+18   4.33569e-03
  10.421   3.05699e+18   4.79452e-03
  10.421   3.38386e+18   5.30136e-03
  10.421   3.74567e+18   5.86110e-03
  10.421   4.14617e+18   6.47911e-03
  10.421   4.58949e+18   7.16128e-03
  10.421   5.08022e+18   7.91403e-03
  10.421   5.62341e+18   8.74440e-03
  10.421   6.22469e+18   9.66006e-03
  10.421   6.89025e+18   1.06694e-02
  10.421   7.62699e+18   1.17814e-02
  10.421   8.44249e+18   1.30061e-02
  10.421   9.34519e+18   1.43540e-02
  10.421   1.03444e+19   1.58367e-02
  10.421   1.14505e+19   1.74666e-02
  10.421   1.26748e+19   1.92571e-02
  10.421   1.40300e+19   2.12224e-02
  10.421   1.55302e+19   2.33777e-02
  10.421   1.71907e+19   2.57392e-02
  10.421   1.90288e+19   2.83239e-02
  10.421   2.10634e+19   2.91244e-02
  10.421   2.33156e+19   2.91119e-02
  10.421   2.58086e+19   2.90980e-02
  10.421   2.85682e+19   2.90827e-02
  10.421   3.16228e+19   2.90658e-02
  11.318   1.00000e+18   1.56877e-03
  11.318   1.10692e+18   1.73586e-03
  11.318   1.22528e+18   1.92067e-03
  11.318   1.35629e+18   2.12505e-03
  11.318   1.50131e+18   2.35107e-03
  11.318   1.66184e+18   2.60099e-03
  11.318   1.83953e+18   2.87731e-03
  11.318   2.03621e+18   3.18277e-03
  11.318   2.25393e+18   3.52040e-03
  11.318   2.49493e+18   3.89353e-03
  11.318   2.76170e+18   4.30582e-03
  11.318   3.05699e+18   4.76130e-03
  11.318   3.38386e+18   5.26438e-03
  11.318   3.74567e+18   5.81993e-03
  11.318   4.14617e+18   6.43324e-03
  11.318   4.58949e+18   7.11013e-03
  11.318   5.08022e+18   7.85698e-03
  11.318   5.62341e+18   8.68071e-03
  11.318   6.22469e+18   9.58891e-03
  11.318   6.89025e+18   1.05898e-02
  11.318   7.62699e+18   1.16924e-02
  11.318   8.44249e+18   1.29064e-02
  11.318   9.34519e+18   1.42422e-02
  11.318   1.03444e+19   1.57113e-02
  11.318   1.14505e+19   1.73257e-02
  11.318   1.26748e+19   1.90987e-02
  11.318   1.40300e+19   2.10441e-02
  11.318   1.55302e+19   2.31768e-02
  11.318   1.71907e+19   2.55125e-02
  11.318   1.90288e+19   2.65476e-02
  11.318   2.10634e+19   2.65369e-02
  11.318   2.33156e+19   2.65250e-02
  11.318   2.58086e+19   2.65119e-02
  11.318   2.85682e+19   2.64974e-02
  11.318   3.16228e+19   2.64814e-02
  12.292   1.00000e+18   1.55915e-03
  12.292   1.10692e+18   1.72518e-03
  12.292   1.22528e+18   1.90882e-03
  12.292   1.35629e+18   2.11191e-03
  12.292   1.50131e+18   2.33648e-03
  12.292   1.66184e+18   2.58479e-03
  12.292   1.83953e+18   2.85930e-03
  12.292   2.03621e+18   3.16276e-03
  12.292   2.25393e+18   3.49815e-03
  12.292   2.49493e+18   3.86879e-03
  12.292   2.76170e+18   4.27830e-03
  12.292   3.05699e+18   4.73066e-03
  12.292   3.38386e+18   5.23026e-03
  12.292   3.74567e+18   5.78190e-03
  12.292   4.14617e+18   6.39083e-03
  12.292   4.58949e+18   7.06282e-03
  12.292   5.08022e+18   7.80414e-03
  12.292   5.62341e+18   8.62166e-03
  12.292   6.22469e+18   9.52286e-03
  12.292   6.89025e+18   1.05159e-02
  12.292   7.62699e+18   1.16095e-02
  12.292   8.44249e+18   1.28134e-02
  12.292   9.34519e+18   1.41379e-02
  12.292   1.03444e+19   1.55940e-02
  12.292   1.14505e+19   1.71938e-02
  12.292   1.26748e+19   1.89500e-02
  12.292   1.40300e+19   2.08764e-02
  12.292   1.55302e+19   2.29874e-02
  12.292   1.71907e+19   2.42977e-02
  12.292   1.90288e+19   2.42884e-02
  12.292   2.10634e+19   2.42782e-02
  12.292   2.33156e+19   2.42669e-02
  12.292   2.58086e+19   2.42544e-02
  12.292   2.85682e+19   2.42406e-02
  12.292   3.16228e+19   2.42253e-02
  13.349   1.00000e+18   1.55031e-03
  13.349   1.10692e+18   1.71538e-03
  13.349   1.22528e+18   1.89793e-03
  13.349   1.35629e+18   2.09982e-03
  13.349   1.50131e+18   2.32306e-03
  13.349   1.66184e+18   2.56987e-03
  13.349   1.83953e+18   2.84273e-03
  13.349   2.03621e+18   3.14433e-03
  13.349   2.25393e+18   3.47766e-03
  13.349   2.49493e+18   3.84598e-03
  13.349   2.76170e+18   4.25290e-03
  13.349   3.05699e+18   4.70237e-03
  13.349   3.38386e+18   5.19873e-03
  13.349   3.74567e+18   5.74672e-03
  13.349   4.14617e+18   6.35157e-03
  13.349   4.58949e+18   7.01895e-03
  13.349   5.08022e+18   7.75510e-03
  13.349   5.62341e+18   8.56679e-03
  13.349   6.22469e+18   9.46141e-03
  13.349   6.89025e+18   1.04470e-02
  13.349   7.62699e+18   1.15322e-02
  13.349   8.44249e+18   1.27266e-02
  13.349   9.34519e+18   1.40402e-02
  13.349   1.03444e+19   1.54840e-02
  13.349   1.14505e+19   1.70698e-02
  13.349   1.26748e+19   1.88101e-02
  13.349   1.40300e+19   2.07183e-02
  13.349   1.55302e+19   2.23220e-02
  13.349   1.71907e+19   2.23140e-02
  13.349   1.90288e+19   2.23052e-02
  13.349   2.10634e+19   2.22954e-02
  13.349   2.33156e+19   2.22845e-02
  13.349   2.58086e+19   2.22726e-02
  13.349   2.85682e+19   2.22593e-02
  13.349   3.16228e+19   2.22447e-02
  14.498   1.00000e+18   1.54219e-03
  14.498   1.10692e+18   1.70636e-03
  14.498   1.22528e+18   1.88792e-03
  14.498   1.35629e+18   2.08870e-03
  14.498   1.50131e+18   2.31070e-03
  14.498   1.66184e+18   2.55614e-03
  14.498   1.83953e+18   2.82746e-03
  14.498   2.03621e+18   3.12734e-03
  14.498   2.25393e+18   3.45875e-03
  14.498   2.49493e+18   3.82492e-03
  14.498   2.76170e+18   4.22944e-03
  14.498   3.05699e+18   4.67621e-03
  14.498   3.38386e+18   5.16953e-03
  14.498   3.74567e+18   5.71413e-03
  14.498   4.14617e+18   6.31515e-03
  14.498   4.58949e+18   6.97822e-03
  14.498   5.08022e+18   7.70950e-03
  14.498   5.62341e+18   8.51570e-03
  14.498   6.22469e+18   9.40412e-03
  14.498   6.89025e+18   1.03827e-02
  14.498   7.62699e+18   1.14599e-02
  14.498   8.44249e+18   1.26452e-02
  14.498   9.34519e+18   1.39485e-02
  14.498   1.03444e+19   1.53806e-02
  14.498   1.14505e+19   1.69530e-02
  14.498   1.26748e+19   1.86779e-02
  14.498   1.40300e+19   2.05686e-02
  14.498   1.55302e+19   2.05710e-02
  14.498   1.71907e+19   2.05633e-02
  14.498   1.90288e+19   2.05548e-02
  14.498   2.10634e+19   2.05454e-02
  14.498   2.33156e+19   2.05350e-02
  14.498   2.58086e+19   2.05235e-02
  14.498   2.85682e+19   2.05108e-02
  14.498   3.16228e+19   2.04967e-02
  15.745   1.00000e+18   1.53472e-03
  15.745   1.10692e+18   1.69807e-03
  15.745   1.22528e+18   1.87871e-03
  15.745   1.35629e+18   2.07846e-03
  15.745   1.50131e+18   2.29932e-03
  15.745   1.66184e+18   2.54348e-03
  15.745   1.83953e+18   2.81337e-03
  15.745   2.03621e+18   3.11166e-03
  15.745   2.25393e+18   3.44128e-03
  15.745   2.49493e+18   3.80545e-03
  15.745   2.76170e+18   4.20772e-03
  15.745   3.05699e+18   4.65197e-03
  15.745   3.38386e+18   5.14246e-03
  15.745   3.74567e+18   5.68387e-03
  15.745   4.14617e+18   6.28129e-03
  15.745   4.58949e+18   6.94031e-03
  15.745   5.08022e+18   7.66701e-03
  15.745   5.62341e+18   8.46803e-03
  15.745   6.22469e+18   9.35056e-03
  15.745   6.89025e+18   1.03224e-02
  15.745   7.62699e+18   1.13921e-02
  15.745   8.44249e+18   1.25687e-02
  15.745   9.34519e+18   1.38622e-02
  15.745   1.03444e+19   1.52830e-02
  15.745   1.14505e+19   1.68425e-02
  15.745   1.26748e+19   1.85527e-02
  15.745   1.40300e+19   1.90245e-02
  15.745   1.55302e+19   1.90178e-02
  15.745   1.71907e+19   1.90104e-02
  15.745   1.90288e+19   1.90022e-02
  15.745   2.10634e+19   1.89931e-02
  15.745   2.33156e+19   1.89831e-02
  15.745   2.58086e+19   1.89720e-02
  15.745   2.85682e+19   1.89598e-02
  15.745   3.16228e+19   1.89463e-02
  17.100   1.00000e+18   1.52784e-03
  17.100   1.10692e+18   1.69042e-03
  17.100   1.22528e+18   1.87022e-03
  17.100   1.35629e+18   2.06902e-03
  17.100   1.50131e+18   2.28881e-03
  17.100   1.66184e+18   2.53179e-03
  17.100   1.83953e+18   2.80036e-03
  17.100   2.03621e+18   3.09716e-03
  17.100   2.25393e+18   3.42511e-03
  17.100   2.49493e+18   3.78742e-03
  17.100   2.76170e+18   4.18759e-03
  17.100   3.05699e+18   4.62948e-03
  17.100   3.38386e+18   5.11732e-03
  17.100   3.74567e+18   5.65573e-03
  17.100   4.14617e+18   6.24976e-03
  17.100   4.58949e+18   6.90496e-03
  17.100   5.08022e+18   7.62732e-03
  17.100   5.62341e+18   8.42342e-03
  17.100   6.22469e+18   9.30037e-03
  17.100   6.89025e+18   1.02659e-02
  17.100   7.62699e+18   1.13283e-02
  17.100   8.44249e+18   1.24967e-02
  17.100   9.34519e+18   1.37807e-02
  17.100   1.03444e+19   1.51907e-02
  17.100   1.14505e+19   1.67377e-02
  17.100   1.26748e+19   1.76458e-02
  17.100   1.40300e+19   1.76399e-02
  17.100   1.55302e+19   1.76335e-02
  17.100   1.71907e+19   1.76263e-02
  17.100   1.90288e+19   1.76184e-02
  17.100   2.10634e+19   1.76097e-02
  17.100   2.33156e+19   1.76000e-02
  17.100   2.58086e+19   1.75893e-02
  17.100   2.85682e+19   1.75775e-02
  17.100   3.16228e+19   1.75644e-02
  18.571   1.00000e+18   1.52150e-03
  18.571   1.10692e+18   1.68338e-03
  18.571   1.22528e+18   1.86238e-03
  18.571   1.35629e+18   2.06030e-03
  18.571   1.50131e+18   2.27911e-03
  18.571   1.66184e+18   2.52099e-03
  18.571   1.83953e+18   2.78832e-03
  18.571   2.03621e+18   3.08373e-03
  18.571   2.25393e+18   3.41013e-03
  18.571   2.49493e+18   3.77069e-03
  18.571   2.76170e+18   4.16890e-03
  18.571   3.05699e+18   4.60857e-03
  18.571   3.38386e+18   5.09391e-03
  18.571   3.74567e+18   5.62949e-03
  18.571   4.14617e+18   6.22034e-03
  18.571   4.58949e+18   6.87191e-03
  18.571   5.08022e+18   7.59016e-03
  18.571   5.62341e+18   8.38158e-03
  18.571   6.22469e+18   9.25320e-03
  18.571   6.89025e+18   1.02126e-02
  18.571   7.62699e+18   1.12681e-02
  18.571   8.44249e+18   1.24286e-02
  18.571   9.34519e+18   1.37034e-02
  18.571   1.03444e+19   1.51030e-02
  18.571   1.14505e+19   1.64112e-02
  18.571   1.26748e+19   1.64061e-02
  18.571   1.40300e+19   1.64004e-02
  18.571   1.55302e+19   1.63941e-02
  18.571   1.71907e+19   1.63872e-02
  18.571   1.90288e+19   1.63795e-02
  18.571   2.10634e+19   1.63711e-02
  18.571   2.33156e+19   1.63617e-02
  18.571   2.58086e+19   1.63514e-02
  18.571   2.85682e+19   1.63399e-02
  18.571   3.16228e+19   1.63272e-02
  20.169   1.00000e+18   1.51566e-03
  20.169   1.10692e+18   1.67688e-03
  20.169   1.22528e+18   1.85515e-03
  20.169   1.35629e+18   2.05225e-03
  20.169   1.50131e+18   2.27014e-03
  20.169   1.66184e+18   2.51099e-03
  20.169   1.83953e+18   2.77717e-03
  20.169   2.03621e+18   3.07129e-03
  20.169   2.25393e+18   3.39623e-03
  20.169   2.49493e+18   3.75515e-03
  20.169   2.76170e+18   4.15151e-03
  20.169   3.05699e+18   4.58910e-03
  20.169   3.38386e+18   5.07208e-03
  20.169   3.74567e+18   5.60499e-03
  20.169   4.14617e+18   6.19281e-03
  20.169   4.58949e+18   6.84094e-03
  20.169   5.08022e+18   7.55528e-03
  20.169   5.62341e+18   8.34223e-03
  20.169   6.22469e+18   9.20876e-03
  20.169   6.89025e+18   1.01624e-02
  20.169   7.62699e+18   1.12112e-02
  20.169   8.44249e+18   1.23639e-02
  20.169   9.34519e+18   1.36300e-02
  20.169   1.03444e+19   1.50194e-02
  20.169   1.14505e+19   1.52964e-02
  20.169   1.26748e+19   1.52914e-02
  20.169   1.40300e+19   1.52859e-02
  20.169   1.55302e+19   1.52798e-02
  20.169   1.71907e+19   1.52731e-02
  20.169   1.90288e+19   1.52657e-02
  20.169   2.10634e+19   1.52574e-02
  20.169   2.33156e+19   1.52483e-02
  20.169   2.58086e+19   1.52383e-02
  20.169   2.85682e+19   1.52272e-02
  20.169   3.16228e+19   1.52149e-02
  21.904   1.00000e+18   1.51026e-03
  21.904   1.10692e+18   1.67087e-03
  21.904   1.22528e+18   1.84846e-03
  21.904   1.35629e+18   2.04480e-03
  21.904   1.50131e+18   2.26183e-03
  21.904   1.66184e+18   2.50172e-03
  21.904   1.83953e+18   2.76682e-03
  21.904   2.03621e+18   3.05973e-03
  21.904   2.25393e+18   3.38331e-03
  21.904   2.49493e+18   3.74069e-03
  21.904   2.76170e+18   4.13530e-03
  21.904   3.05699e+18   4.57092e-03
  21.904   3.38386e+18   5.05167e-03
  21.904   3.74567e+18   5.58205e-03
  21.904   4.14617e+18   6.16699e-03
  21.904   4.58949e+18   6.81184e-03
  21.904   5.08022e+18   7.52244e-03
  21.904   5.62341e+18   8.30512e-03
  21.904   6.22469e+18   9.16675e-03
  21.904   6.89025e+18   1.01147e-02
  21.904   7.62699e+18   1.11571e-02
  21.904   8.44249e+18   1.23025e-02
  21.904   9.34519e+18   1.35600e-02
  21.904   1.03444e+19   1.42943e-02
  21.904   1.14505e+19   1.42900e-02
  21.904   1.26748e+19   1.42851e-02
  21.904   1.40300e+19   1.42798e-02
  21.904   1.55302e+19   1.42738e-02
  21.904   1.71907e+19   1.42673e-02
  21.904   1.90288e+19   1.42601e-02
  21.904   2.10634e+19   1.42521e-02
  21.904   2.33156e+19   1.42432e-02
  21.904   2.58086e+19   1.42334e-02
  21.904   2.85682e+19   1.42226e-02
  21.904   3.16228e+19   1.42106e-02
  23.789   1.00000e+18   1.50527e-03
  23.789   1.10692e+18   1.66531e-03
  23.789   1.22528e+18   1.84227e-03
  23.789   1.35629e+18   2.03789e-03
  23.789   1.50131e+18   2.25413e-03
  23.789   1.66184e+18   2.49312e-03
  23.789   1.83953e+18   2.75721e-03
  23.789   2.03621e+18   3.04898e-03
  23.789   2.25393e+18   3.37127e-03
  23.789   2.49493e+18   3.72720e-03
  23.789   2.76170e+18   4.12017e-03
  23.789   3.05699e+18   4.55392e-03
  23.789   3.38386e+18   5.03255e-03
  23.789   3.74567e+18   5.56052e-03
  23.789   4.14617e+18   6.14271e-03
  23.789   4.58949e+18   6.78443e-03
  23.789   5.08022e+18   7.49144e-03
  23.789   5.62341e+18   8.27001e-03
  23.789   6.22469e+18   9.12692e-03
  23.789   6.89025e+18   1.00695e-02
  23.789   7.62699e+18   1.11056e-02
  23.789   8.44249e+18   1.22437e-02
  23.789   9.34519e+18   1.33860e-02
  23.789   1.03444e+19   1.33822e-02
  23.789   1.14505e+19   1.33779e-02
  23.789   1.26748e+19   1.33732e-02
  23.789   1.40300e+19   1.33680e-02
  23.789   1.55302e+19   1.33622e-02
  23.789   1.71907e+19   1.33558e-02
  23.789   1.90288e+19   1.33488e-02
  23.789   2.10634e+19   1.33409e-02
  23.789   2.33156e+19   1.33323e-02
  23.789   2.58086e+19   1.33228e-02
  23.789   2.85682e+19   1.33122e-02
  23.789   3.16228e+19   1.33006e-02
  25.835   1.00000e+18   1.50066e-03
  25.835   1.10692e+18   1.66017e-03
  25.835   1.22528e+18   1.83653e-03
  25.835   1.35629e+18   2.03149e-03
  25.835   1.50131e+18   2.24698e-03
  25.835   1.66184e+18   2.48512e-03
  25.835   1.83953e+18   2.74826e-03
  25.835   2.03621e+18   3.03896e-03
  25.835   2.25393e+18   3.36004e-03
  25.835   2.49493e+18   3.71459e-03
  25.835   2.76170e+18   4.10600e-03
  25.835   3.05699e+18   4.53798e-03
  25.835   3.38386e+18   5.01460e-03
  25.835   3.74567e+18   5.54027e-03
  25.835   4.14617e+18   6.11983e-03
  25.835   4.58949e+18   6.75853e-03
  25.835   5.08022e+18   7.46209e-03
  25.835   5.62341e+18   8.23669e-03
  25.835   6.22469e+18   9.08903e-03
  25.835   6.89025e+18   1.00263e-02
  25.835   7.62699e+18   1.10564e-02
  25.835   8.44249e+18   1.21875e-02
  25.835   9.34519e+18   1.25563e-02
  25.835   1.03444e+19   1.25526e-02
  25.835   1.14505e+19   1.25484e-02
  25.835   1.26748e+19   1.25438e-02
  25.835   1.40300e+19   1.25387e-02
  25.835   1.55302e+19   1.25330e-02
  25.835   1.71907e+19   1.25268e-02
  25.835   1.90288e+19   1.25199e-02
  25.835   2.10634e+19   1.25123e-02
  25.835   2.33156e+19   1.25038e-02
  25.835   2.58086e+19   1.24945e-02
  25.835   2.85682e+19   1.24842e-02
  25.835   3.16228e+19   1.24728e-02
  28.058   1.00000e+18   1.49638e-03
  28.058   1.10692e+18   1.65540e-03
  28.058   1.22528e+18   1.83120e-03
  28.058   1.35629e+18   2.02554e-03
  28.058   1.50131e+18   2.24033e-03
  28.058   1.66184e+18   2.47768e-03
  28.058   1.83953e+18   2.73992e-03
  28.058   2.03621e+18   3.02960e-03
  28.058   2.25393e+18   3.34953e-03
  28.058   2.49493e+18   3.70278e-03
  28.058   2.76170e+18   4.09271e-03
  28.058   3.05699e+18   4.52300e-03
  28.058   3.38386e+18   4.99768e-03
  28.058   3.74567e+18   5.52115e-03
  28.058   4.14617e+18   6.09818e-03
  28.058   4.58949e+18   6.73398e-03
  28.058   5.08022e+18   7.43420e-03
  28.058   5.62341e+18   8.20496e-03
  28.058   6.22469e+18   9.05287e-03
  28.058   6.89025e+18   9.98505e-03
  28.058   7.62699e+18   1.10091e-02
  28.058   8.44249e+18   1.18025e-02
  28.058   9.34519e+18   1.17991e-02
  28.058   1.03444e+19   1.17954e-02
  28.058   1.14505e+19   1.17914e-02
  28.058   1.26748e+19   1.17868e-02
  28.058   1.40300e+19   1.17818e-02
  28.058   1.55302e+19   1.17763e-02
  28.058   1.71907e+19   1.17702e-02
  28.058   1.90288e+19   1.17634e-02
  28.058   2.10634e+19   1.17560e-02
  28.058   2.33156e+19   1.17477e-02
  28.058   2.58086e+19   1.17386e-02
  28.058   2.85682e+19   1.17285e-02
  28.058   3.16228e+19   1.17174e-02
  30.472   1.00000e+18   1.49241e-03
  30.472   1.10692e+18   1.65097e-03
  30.472   1.22528e+18   1.82625e-03
  30.472   1.35629e+18   2.02000e-03
  30.472   1.50131e+18   2.23413e-03
  30.472   1.66184e+18   2.47073e-03
  30.472   1.83953e+18   2.73213e-03
  30.472   2.03621e+18   3.02085e-03
  30.472   2.25393e+18   3.33969e-03
  30.472   2.49493e+18   3.69169e-03
  30.472   2.76170e+18   4.08021e-03
  30.472   3.05699e+18   4.50888e-03
  30.472   3.38386e+18   4.98172e-03
  30.472   3.74567e+18   5.50306e-03
  30.472   4.14617e+18   6.07765e-03
  30.472   4.58949e+18   6.71065e-03
  30.472   5.08022e+18   7.40763e-03
  30.472   5.62341e+18   8.17465e-03
  30.472   6.22469e+18   9.01823e-03
  30.472   6.89025e+18   9.94539e-03
  30.472   7.62699e+18   1.09637e-02
  30.472   8.44249e+18   1.11091e-02
  30.472   9.34519e+18   1.11058e-02
  30.472   1.03444e+19   1.11022e-02
  30.472   1.14505e+19   1.10982e-02
  30.472   1.26748e+19   1.10938e-02
  30.472   1.40300e+19   1.10889e-02
  30.472   1.55302e+19   1.10834e-02
  30.472   1.71907e+19   1.10774e-02
  30.472   1.90288e+19   1.10708e-02
  30.472   2.10634e+19   1.10635e-02
  30.472   2.33156e+19   1.10554e-02
  30.472   2.58086e+19   1.10465e-02
  30.472   2.85682e+19   1.10366e-02
  30.472   3.16228e+19   1.10256e-02
  33.094   1.00000e+18   1.48872e-03
  33.094   1.10692e+18   1.64685e-03
  33.094   1.22528e+18   1.82164e-03
  33.094   1.35629e+18   2.01484e-03
  33.094   1.50131e+18   2.22834e-03
  33.094   1.66184e+18   2.46424e-03
  33.094   1.83953e+18   2.72483e-03
  33.094   2.03621e+18   3.01264e-03
  33.094   2.25393e+18   3.33044e-03
  33.094   2.49493e+18   3.68126e-03
  33.094   2.76170e+18   4.06841e-03
  33.094   3.05699e+18   4.49554e-03
  33.094   3.38386e+18   4.96659e-03
  33.094   3.74567e+18   5.48588e-03
  33.094   4.14617e+18   6.05812e-03
  33.094   4.58949e+18   6.68839e-03
  33.094   5.08022e+18   7.38222e-03
  33.094   5.62341e+18   8.14559e-03
  33.094   6.22469e+18   8.98493e-03
  33.094   6.89025e+18   9.90717e-03
  33.094   7.62699e+18   1.04752e-02
  33.094   8.44249e+18   1.04723e-02
  33.094   9.34519e+18   1.04691e-02
  33.094   1.03444e+19   1.04655e-02
  33.094   1.14505e+19   1.04616e-02
  33.094   1.26748e+19   1.04572e-02
  33.094   1.40300e+19   1.04524e-02
  33.094   1.55302e+19   1.04471e-02
  33.094   1.71907e+19   1.04412e-02
  33.094   1.90288e+19   1.04347e-02
  33.094   2.10634e+19   1.04275e-02
  33.094   2.33156e+19   1.04196e-02
  33.094   2.58086e+19   1.04108e-02
  33.094   2.85682e+19   1.04011e-02
  33.094   3.16228e+19   1.03903e-02
  35.941   1.00000e+18   1.48529e-03
  35.941   1.10692e+18   1.64301e-03
  35.941   1.22528e+18   1.81734e-03
  35.941   1.35629e+18   2.01002e-03
  35.941   1.50131e+18   2.22293e-03
  35.941   1.66184e+18   2.45815e-03
  35.941   1.83953e+18   2.71798e-03
  35.941   2.03621e+18   3.00492e-03
  35.941   2.25393e+18   3.32173e-03
  35.941   2.49493e+18   3.67141e-03
  35.941   2.76170e+18   4.05726e-03
  35.941   3.05699e+18   4.48289e-03
  35.941   3.38386e+18   4.95222e-03
  35.941   3.74567e+18   5.46953e-03
  35.941   4.14617e+18   6.03947e-03
  35.941   4.58949e+18   6.66708e-03
  35.941   5.08022e+18   7.35783e-03
  35.941   5.62341e+18   8.11762e-03
  35.941   6.22469e+18   8.95280e-03
  35.941   6.89025e+18   9.87018e-03
  35.941   7.62699e+18   9.88861e-03
  35.941   8.44249e+18   9.88575e-03
  35.941   9.34519e+18   9.88259e-03
  35.941   1.03444e+19   9.87909e-03
  35.941   1.14505e+19   9.87522e-03
  35.941   1.26748e+19   9.87094e-03
  35.941   1.40300e+19   9.86621e-03
  35.941   1.55302e+19   9.86098e-03
  35.941   1.71907e+19   9.85519e-03
  35.941   1.90288e+19   9.84879e-03
  35.941   2.10634e+19   9.84172e-03
  35.941   2.33156e+19   9.83390e-03
  35.941   2.58086e+19   9.82527e-03
  35.941   2.85682e+19   9.81572e-03
  35.941   3.16228e+19   9.80518e-03
  39.033   1.00000e+18   1.48210e-03
  39.033   1.10692e+18   1.63943e-03
  39.033   1.22528e+18   1.81333e-03
  39.033   1.35629e+18   2.00551e-03
  39.033   1.50131e+18   2.21785e-03
  39.033   1.66184e+18   2.45244e-03
  39.033   1.83953e+18   2.71154e-03
  39.033   2.03621e+18   2.99765e-03
  39.033   2.25393e+18   3.31350e-03
  39.033   2.49493e+18   3.66209e-03
  39.033   2.76170e+18   4.04668e-03
  39.033   3.05699e+18   4.47086e-03
  39.033   3.38386e+18   4.93852e-03
  39.033   3.74567e+18   5.45390e-03
  39.033   4.14617e+18   6.02160e-03
  39.033   4.58949e+18   6.64661e-03
  39.033   5.08022e+18   7.33434e-03
  39.033   5.62341e+18   8.09061e-03
  39.033   6.22469e+18   8.92168e-03
  39.033   6.89025e+18   9.34940e-03
  39.033   7.62699e+18   9.34686e-03
  39.033   8.44249e+18   9.34404e-03
  39.033   9.34519e+18   9.34092e-03
  39.033   1.03444e+19   9.33748e-03
  39.033   1.14505e+19   9.33367e-03
  39.033   1.26748e+19   9.32945e-03
  39.033   1.40300e+19   9.32479e-03
  39.033   1.55302e+19   9.31964e-03
  39.033   1.71907e+19   9.31394e-03
  39.033   1.90288e+19   9.30764e-03
  39.033   2.10634e+19   9.30068e-03
  39.033   2.33156e+19   9.29299e-03
  39.033   2.58086e+19   9.28448e-03
  39.033   2.85682e+19   9.27509e-03
  39.033   3.16228e+19   9.26471e-03
  42.392   1.00000e+18   1.47911e-03
  42.392   1.10692e+18   1.63608e-03
  42.392   1.22528e+18   1.80956e-03
  42.392   1.35629e+18   2.00127e-03
  42.392   1.50131e+18   2.21309e-03
  42.392   1.66184e+18   2.44706e-03
  42.392   1.83953e+18   2.70546e-03
  42.392   2.03621e+18   2.99077e-03
  42.392   2.25393e+18   3.30571e-03
  42.392   2.49493e+18   3.65324e-03
  42.392   2.76170e+18   4.03662e-03
  42.392   3.05699e+18   4.45939e-03
  42.392   3.38386e+18   4.92542e-03
  42.392   3.74567e+18   5.43891e-03
  42.392   4.14617e+18   6.00442e-03
  42.392   4.58949e+18   6.62688e-03
  42.392   5.08022e+18   7.31163e-03
  42.392   5.62341e+18   8.06443e-03
  42.392   6.22469e+18   8.84999e-03
  42.392   6.89025e+18   8.84773e-03
  42.392   7.62699e+18   8.84522e-03
  42.392   8.44249e+18   8.84244e-03
  42.392   9.34519e+18   8.83937e-03
  42.392   1.03444e+19   8.83597e-03
  42.392   1.14505e+19   8.83222e-03
  42.392   1.26748e+19   8.82806e-03
  42.392   1.40300e+19   8.82346e-03
  42.392   1.55302e+19   8.81838e-03
  42.392   1.71907e+19   8.81277e-03
  42.392   1.90288e+19   8.80656e-03
  42.392   2.10634e+19   8.79969e-03
  42.392   2.33156e+19   8.79211e-03
  42.392   2.58086e+19   8.78373e-03
  42.392   2.85682e+19   8.77447e-03
  42.392   3.16228e+19   8.76425e-03
  46.039   1.00000e+18   1.47632e-03
  46.039   1.10692e+18   1.63294e-03
  46.039   1.22528e+18   1.80603e-03
  46.039   1.35629e+18   1.99729e-03
  46.039   1.50131e+18   2.20860e-03
  46.039   1.66184e+18   2.44199e-03
  46.039   1.83953e+18   2.69972e-03
  46.039   2.03621e+18   2.98425e-03
  46.039   2.25393e+18   3.29830e-03
  46.039   2.49493e+18   3.64481e-03
  46.039   2.76170e+18   4.02701e-03
  46.039   3.05699e+18   4.44841e-03
  46.039   3.38386e+18   4.91285e-03
  46.039   3.74567e+18   5.42449e-03
  46.039   4.14617e+18   5.98784e-03
  46.039   4.58949e+18   6.60778e-03
  46.039   5.08022e+18   7.28959e-03
  46.039   5.62341e+18   8.03894e-03
  46.039   6.22469e+18   8.38432e-03
  46.039   6.89025e+18   8.38208e-03
  46.039   7.62699e+18   8.37960e-03
  46.039   8.44249e+18   8.37686e-03
  46.039   9.34519e+18   8.37383e-03
  46.039   1.03444e+19   8.37047e-03
  46.039   1.14505e+19   8.36677e-03
  46.039   1.26748e+19   8.36266e-03
  46.039   1.40300e+19   8.35813e-03
  46.039   1.55302e+19   8.35312e-03
  46.039   1.71907e+19   8.34757e-03
  46.039   1.90288e+19   8.34144e-03
  46.039   2.10634e+19   8.33467e-03
  46.039   2.33156e+19   8.32719e-03
  46.039   2.58086e+19   8.31892e-03
  46.039   2.85682e+19   8.30979e-03
  46.039   3.16228e+19   8.29970e-03
  50.000   1.00000e+18   1.47371e-03
  50.000   1.10692e+18   1.63000e-03
  50.000   1.22528e+18   1.80271e-03
  50.000   1.35629e+18   1.99355e-03
  50.000   1.50131e+18   2.20435e-03
  50.000   1.66184e+18   2.43718e-03
  50.000   1.83953e+18   2.69427e-03
  50.000   2.03621e+18   2.97806e-03
  50.000   2.25393e+18   3.29124e-03
  50.000   2.49493e+18   3.63676e-03
  50.000   2.76170e+18   4.01780e-03
  50.000   3.05699e+18   4.43786e-03
  50.000   3.38386e+18   4.90074e-03
  50.000   3.74567e+18   5.41056e-03
  50.000   4.14617e+18   5.97178e-03
  50.000   4.58949e+18   6.58923e-03
  50.000   5.08022e+18   7.26812e-03
  50.000   5.62341e+18   7.95309e-03
  50.000   6.22469e+18   7.95109e-03
  50.000   6.89025e+18   7.94888e-03
  50.000   7.62699e+18   7.94643e-03
  50.000   8.44249e+18   7.94373e-03
  50.000   9.34519e+18   7.94073e-03
  50.000   1.03444e+19   7.93742e-03
  50.000   1.14505e+19   7.93375e-03
  50.000   1.26748e+19   7.92970e-03
  50.000   1.40300e+19   7.92522e-03
  50.000   1.55302e+19   7.92027e-03
  50.000   1.71907e+19   7.91479e-03
  50.000   1.90288e+19   7.90874e-03
  50.000   2.10634e+19   7.90205e-03
  50.000   2.33156e+19   7.89466e-03
  50.000   2.58086e+19   7.88649e-03
  50.000   2.85682e+19   7.87747e-03
  50.000   3.16228e+19   7.86751e-03
