# S/XB Lookup Table for B I 821.2 nm (²D₅/₂ → ²F₇/₂)
# Combined direct + resonant excitation pathways
# Generated with simplified CR model - validate with ADAS!
#
# Te range: 0.10 - 100.00 eV
# ne range: 1.00e+18 - 1.00e+20 m^-3
#
# Columns:
#   1: Te (eV)
#   2: ne (m^-3)
#   3: S/XB (photons/ionization)
#   4: PEC (m^3/s)
#   5: Metastable fraction (%)
#
#======================================================================
    0.1000     1.000000e+18     2.152737e-37     6.508202e-49      0.0000
    0.1000     1.172102e+18     2.263330e-37     6.842547e-49      0.0000
    0.1000     1.373824e+18     2.385507e-37     7.211916e-49      0.0000
    0.1000     1.610262e+18     2.519404e-37     7.616716e-49      0.0000
    0.1000     1.887392e+18     2.664861e-37     8.056464e-49      0.0000
    0.1000     2.212216e+18     2.821374e-37     8.529639e-49      0.0000
    0.1000     2.592944e+18     2.988063e-37     9.033578e-49      0.0000
    0.1000     3.039195e+18     3.163659e-37     9.564443e-49      0.0000
    0.1000     3.562248e+18     3.346518e-37     1.011726e-48      0.0000
    0.1000     4.175319e+18     3.534667e-37     1.068608e-48      0.0000
    0.1000     4.893901e+18     3.725883e-37     1.126417e-48      0.0000
    0.1000     5.736153e+18     3.917787e-37     1.184434e-48      0.0000
    0.1000     6.723358e+18     4.107965e-37     1.241929e-48      0.0000
    0.1000     7.880463e+18     4.294084e-37     1.298197e-48      0.0000
    0.1000     9.236709e+18     4.474001e-37     1.352590e-48      0.0000
    0.1000     1.082637e+19     4.645860e-37     1.404547e-48      0.0000
    0.1000     1.268961e+19     4.808151e-37     1.453611e-48      0.0000
    0.1000     1.487352e+19     4.959742e-37     1.499440e-48      0.0000
    0.1000     1.743329e+19     5.099890e-37     1.541810e-48      0.0000
    0.1000     2.043360e+19     5.228211e-37     1.580604e-48      0.0000
    0.1000     2.395027e+19     5.344642e-37     1.615804e-48      0.0000
    0.1000     2.807216e+19     5.449392e-37     1.647472e-48      0.0000
    0.1000     3.290345e+19     5.542878e-37     1.675735e-48      0.0000
    0.1000     3.856620e+19     5.625671e-37     1.700765e-48      0.0000
    0.1000     4.520354e+19     5.698441e-37     1.722765e-48      0.0000
    0.1000     5.298317e+19     5.761912e-37     1.741954e-48      0.0000
    0.1000     6.210169e+19     5.816822e-37     1.758554e-48      0.0000
    0.1000     7.278954e+19     5.863891e-37     1.772784e-48      0.0000
    0.1000     8.531679e+19     5.903800e-37     1.784850e-48      0.0000
    0.1000     1.000000e+20     5.937174e-37     1.794939e-48      0.0000
    0.1194     1.000000e+18     4.269407e-32     1.290736e-43      0.0000
    0.1194     1.172102e+18     4.495169e-32     1.358989e-43      0.0000
    0.1194     1.373824e+18     4.743489e-32     1.434062e-43      0.0000
    0.1194     1.610262e+18     5.014324e-32     1.515941e-43      0.0000
    0.1194     1.887392e+18     5.307006e-32     1.604425e-43      0.0000
    0.1194     2.212216e+18     5.620163e-32     1.699100e-43      0.0000
    0.1194     2.592944e+18     5.951679e-32     1.799325e-43      0.0000
    0.1194     3.039195e+18     6.298694e-32     1.904235e-43      0.0000
    0.1194     3.562248e+18     6.657668e-32     2.012761e-43      0.0000
    0.1194     4.175319e+18     7.024506e-32     2.123664e-43      0.0000
    0.1194     4.893901e+18     7.394723e-32     2.235589e-43      0.0000
    0.1194     5.736153e+18     7.763664e-32     2.347128e-43      0.0000
    0.1194     6.723358e+18     8.126731e-32     2.456891e-43      0.0000
    0.1194     7.880463e+18     8.479604e-32     2.563572e-43      0.0000
    0.1194     9.236709e+18     8.818438e-32     2.666009e-43      0.0000
    0.1194     1.082637e+19     9.140013e-32     2.763229e-43      0.0000
    0.1194     1.268961e+19     9.441820e-32     2.854472e-43      0.0000
    0.1194     1.487352e+19     9.722095e-32     2.939205e-43      0.0000
    0.1194     1.743329e+19     9.979797e-32     3.017114e-43      0.0000
    0.1194     2.043360e+19     1.021455e-31     3.088084e-43      0.0000
    0.1194     2.395027e+19     1.042652e-31     3.152169e-43      0.0000
    0.1194     2.807216e+19     1.061637e-31     3.209564e-43      0.0000
    0.1194     3.290345e+19     1.078507e-31     3.260566e-43      0.0000
    0.1194     3.856620e+19     1.093385e-31     3.305545e-43      0.0000
    0.1194     4.520354e+19     1.106406e-31     3.344910e-43      0.0000
    0.1194     5.298317e+19     1.117712e-31     3.379092e-43      0.0000
    0.1194     6.210169e+19     1.127445e-31     3.408517e-43      0.0000
    0.1194     7.278954e+19     1.135740e-31     3.433594e-43      0.0000
    0.1194     8.531679e+19     1.142722e-31     3.454703e-43      0.0000
    0.1194     1.000000e+20     1.148505e-31     3.472186e-43      0.0000
    0.1425     1.000000e+18     1.192365e-27     3.604783e-39      0.0000
    0.1425     1.172102e+18     1.257055e-27     3.800357e-39      0.0000
    0.1425     1.373824e+18     1.327882e-27     4.014483e-39      0.0000
    0.1425     1.610262e+18     1.404743e-27     4.246848e-39      0.0000
    0.1425     1.887392e+18     1.487350e-27     4.496589e-39      0.0000
    0.1425     2.212216e+18     1.575220e-27     4.762241e-39      0.0000
    0.1425     2.592944e+18     1.667665e-27     5.041722e-39      0.0000
    0.1425     3.039195e+18     1.763803e-27     5.332367e-39      0.0000
    0.1425     3.562248e+18     1.862582e-27     5.630999e-39      0.0000
    0.1425     4.175319e+18     1.962827e-27     5.934062e-39      0.0000
    0.1425     4.893901e+18     2.063286e-27     6.237772e-39      0.0000
    0.1425     5.736153e+18     2.162697e-27     6.538313e-39      0.0000
    0.1425     6.723358e+18     2.259846e-27     6.832017e-39      0.0000
    0.1425     7.880463e+18     2.353628e-27     7.115538e-39      0.0000
    0.1425     9.236709e+18     2.443088e-27     7.385996e-39      0.0000
    0.1425     1.082637e+19     2.527458e-27     7.641067e-39      0.0000
    0.1425     1.268961e+19     2.606171e-27     7.879032e-39      0.0000
    0.1425     1.487352e+19     2.678857e-27     8.098780e-39      0.0000
    0.1425     1.743329e+19     2.745338e-27     8.299767e-39      0.0000
    0.1425     2.043360e+19     2.805599e-27     8.481948e-39      0.0000
    0.1425     2.395027e+19     2.859763e-27     8.645696e-39      0.0000
    0.1425     2.807216e+19     2.908058e-27     8.791704e-39      0.0000
    0.1425     3.290345e+19     2.950792e-27     8.920898e-39      0.0000
    0.1425     3.856620e+19     2.988320e-27     9.034353e-39      0.0000
    0.1425     4.520354e+19     3.021022e-27     9.133220e-39      0.0000
    0.1425     5.298317e+19     3.049285e-27     9.218665e-39      0.0000
    0.1425     6.210169e+19     3.073484e-27     9.291825e-39      0.0000
    0.1425     7.278954e+19     3.093974e-27     9.353769e-39      0.0000
    0.1425     8.531679e+19     3.111076e-27     9.405473e-39      0.0000
    0.1425     1.000000e+20     3.125078e-27     9.447804e-39      0.0000
    0.1701     1.000000e+18     6.446664e-24     1.948970e-35      0.0000
    0.1701     1.172102e+18     6.804344e-24     2.057104e-35      0.0000
    0.1701     1.373824e+18     7.194054e-24     2.174922e-35      0.0000
    0.1701     1.610262e+18     7.614732e-24     2.302102e-35      0.0000
    0.1701     1.887392e+18     8.064303e-24     2.438017e-35      0.0000
    0.1701     2.212216e+18     8.539623e-24     2.581718e-35      0.0000
    0.1701     2.592944e+18     9.036501e-24     2.731935e-35      0.0000
    0.1701     3.039195e+18     9.549789e-24     2.887113e-35      0.0000
    0.1701     3.562248e+18     1.007357e-23     3.045463e-35      0.0000
    0.1701     4.175319e+18     1.060141e-23     3.205041e-35      0.0000
    0.1701     4.893901e+18     1.112666e-23     3.363836e-35      0.0000
    0.1701     5.736153e+18     1.164280e-23     3.519877e-35      0.0000
    0.1701     6.723358e+18     1.214374e-23     3.671322e-35      0.0000
    0.1701     7.880463e+18     1.262409e-23     3.816543e-35      0.0000
    0.1701     9.236709e+18     1.307938e-23     3.954186e-35      0.0000
    0.1701     1.082637e+19     1.350614e-23     4.083205e-35      0.0000
    0.1701     1.268961e+19     1.390198e-23     4.202878e-35      0.0000
    0.1701     1.487352e+19     1.426555e-23     4.312791e-35      0.0000
    0.1701     1.743329e+19     1.459638e-23     4.412811e-35      0.0000
    0.1701     2.043360e+19     1.489484e-23     4.503040e-35      0.0000
    0.1701     2.395027e+19     1.516189e-23     4.583775e-35      0.0000
    0.1701     2.807216e+19     1.539898e-23     4.655454e-35      0.0000
    0.1701     3.290345e+19     1.560789e-23     4.718612e-35      0.0000
    0.1701     3.856620e+19     1.579057e-23     4.773839e-35      0.0000
    0.1701     4.520354e+19     1.594904e-23     4.821749e-35      0.0000
    0.1701     5.298317e+19     1.608531e-23     4.862946e-35      0.0000
    0.1701     6.210169e+19     1.620130e-23     4.898012e-35      0.0000
    0.1701     7.278954e+19     1.629877e-23     4.927480e-35      0.0000
    0.1701     8.531679e+19     1.637932e-23     4.951833e-35      0.0000
    0.1701     1.000000e+20     1.644434e-23     4.971490e-35      0.0000
    0.2031     1.000000e+18     8.808830e-21     2.663105e-32      0.0000
    0.2031     1.172102e+18     9.306959e-21     2.813700e-32      0.0000
    0.2031     1.373824e+18     9.846937e-21     2.976947e-32      0.0000
    0.2031     1.610262e+18     1.042662e-20     3.152197e-32      0.0000
    0.2031     1.887392e+18     1.104246e-20     3.338381e-32      0.0000
    0.2031     2.212216e+18     1.168952e-20     3.534000e-32      0.0000
    0.2031     2.592944e+18     1.236149e-20     3.737152e-32      0.0000
    0.2031     3.039195e+18     1.305095e-20     3.945592e-32      0.0000
    0.2031     3.562248e+18     1.374962e-20     4.156816e-32      0.0000
    0.2031     4.175319e+18     1.444877e-20     4.368183e-32      0.0000
    0.2031     4.893901e+18     1.513961e-20     4.577038e-32      0.0000
    0.2031     5.736153e+18     1.581376e-20     4.780849e-32      0.0000
    0.2031     6.723358e+18     1.646363e-20     4.977319e-32      0.0000
    0.2031     7.880463e+18     1.708272e-20     5.164484e-32      0.0000
    0.2031     9.236709e+18     1.766583e-20     5.340774e-32      0.0000
    0.2031     1.082637e+19     1.820919e-20     5.505041e-32      0.0000
    0.2031     1.268961e+19     1.871037e-20     5.656559e-32      0.0000
    0.2031     1.487352e+19     1.916827e-20     5.794992e-32      0.0000
    0.2031     1.743329e+19     1.958291e-20     5.920347e-32      0.0000
    0.2031     2.043360e+19     1.995524e-20     6.032912e-32      0.0000
    0.2031     2.395027e+19     2.028694e-20     6.133191e-32      0.0000
    0.2031     2.807216e+19     2.058018e-20     6.221845e-32      0.0000
    0.2031     3.290345e+19     2.083747e-20     6.299629e-32      0.0000
    0.2031     3.856620e+19     2.106147e-20     6.367350e-32      0.0000
    0.2031     4.520354e+19     2.125487e-20     6.425818e-32      0.0000
    0.2031     5.298317e+19     2.142026e-20     6.475820e-32      0.0000
    0.2031     6.210169e+19     2.156009e-20     6.518094e-32      0.0000
    0.2031     7.278954e+19     2.167659e-20     6.553313e-32      0.0000
    0.2031     8.531679e+19     2.177170e-20     6.582068e-32      0.0000
    0.2031     1.000000e+20     2.184713e-20     6.604870e-32      0.0000
    0.2424     1.000000e+18     3.802907e-18     1.149703e-29      0.0000
    0.2424     1.172102e+18     4.021313e-18     1.215732e-29      0.0000
    0.2424     1.373824e+18     4.256801e-18     1.286925e-29      0.0000
    0.2424     1.610262e+18     4.508151e-18     1.362914e-29      0.0000
    0.2424     1.887392e+18     4.773547e-18     1.443149e-29      0.0000
    0.2424     2.212216e+18     5.050595e-18     1.526907e-29      0.0000
    0.2424     2.592944e+18     5.336382e-18     1.613307e-29      0.0000
    0.2424     3.039195e+18     5.627580e-18     1.701342e-29      0.0000
    0.2424     3.562248e+18     5.920595e-18     1.789927e-29      0.0000
    0.2424     4.175319e+18     6.211737e-18     1.877946e-29      0.0000
    0.2424     4.893901e+18     6.497404e-18     1.964309e-29      0.0000
    0.2424     5.736153e+18     6.774254e-18     2.048007e-29      0.0000
    0.2424     6.723358e+18     7.039352e-18     2.128152e-29      0.0000
    0.2424     7.880463e+18     7.290277e-18     2.204012e-29      0.0000
    0.2424     9.236709e+18     7.525180e-18     2.275029e-29      0.0000
    0.2424     1.082637e+19     7.742805e-18     2.340822e-29      0.0000
    0.2424     1.268961e+19     7.942456e-18     2.401180e-29      0.0000
    0.2424     1.487352e+19     8.123941e-18     2.456048e-29      0.0000
    0.2424     1.743329e+19     8.287500e-18     2.505495e-29      0.0000
    0.2424     2.043360e+19     8.433711e-18     2.549698e-29      0.0000
    0.2424     2.395027e+19     8.563404e-18     2.588907e-29      0.0000
    0.2424     2.807216e+19     8.677576e-18     2.623424e-29      0.0000
    0.2424     3.290345e+19     8.777321e-18     2.653579e-29      0.0000
    0.2424     3.856620e+19     8.863763e-18     2.679712e-29      0.0000
    0.2424     4.520354e+19     8.938013e-18     2.702159e-29      0.0000
    0.2424     5.298317e+19     9.001125e-18     2.721240e-29      0.0000
    0.2424     6.210169e+19     9.054071e-18     2.737246e-29      0.0000
    0.2424     7.278954e+19     9.097723e-18     2.750443e-29      0.0000
    0.2424     8.531679e+19     9.132838e-18     2.761059e-29      0.0000
    0.2424     1.000000e+20     9.160051e-18     2.769286e-29      0.0000
    0.2894     1.000000e+18     6.252849e-16     1.890375e-27      0.0000
    0.2894     1.172102e+18     6.616043e-16     2.000177e-27      0.0000
    0.2894     1.373824e+18     7.005419e-16     2.117894e-27      0.0000
    0.2894     1.610262e+18     7.418496e-16     2.242776e-27      0.0000
    0.2894     1.887392e+18     7.851851e-16     2.373789e-27      0.0000
    0.2894     2.212216e+18     8.301186e-16     2.509633e-27      0.0000
    0.2894     2.592944e+18     8.761465e-16     2.648785e-27      0.0000
    0.2894     3.039195e+18     9.227119e-16     2.789563e-27      0.0000
    0.2894     3.562248e+18     9.692307e-16     2.930199e-27      0.0000
    0.2894     4.175319e+18     1.015121e-15     3.068934e-27      0.0000
    0.2894     4.893901e+18     1.059829e-15     3.204097e-27      0.0000
    0.2894     5.736153e+18     1.102858e-15     3.334184e-27      0.0000
    0.2894     6.723358e+18     1.143786e-15     3.457920e-27      0.0000
    0.2894     7.880463e+18     1.182281e-15     3.574297e-27      0.0000
    0.2894     9.236709e+18     1.218100e-15     3.682587e-27      0.0000
    0.2894     1.082637e+19     1.251097e-15     3.782344e-27      0.0000
    0.2894     1.268961e+19     1.281208e-15     3.873376e-27      0.0000
    0.2894     1.487352e+19     1.308443e-15     3.955714e-27      0.0000
    0.2894     1.743329e+19     1.332873e-15     4.029572e-27      0.0000
    0.2894     2.043360e+19     1.354615e-15     4.095301e-27      0.0000
    0.2894     2.395027e+19     1.373817e-15     4.153353e-27      0.0000
    0.2894     2.807216e+19     1.390648e-15     4.204237e-27      0.0000
    0.2894     3.290345e+19     1.405286e-15     4.248491e-27      0.0000
    0.2894     3.856620e+19     1.417910e-15     4.286655e-27      0.0000
    0.2894     4.520354e+19     1.428691e-15     4.319249e-27      0.0000
    0.2894     5.298317e+19     1.437790e-15     4.346759e-27      0.0000
    0.2894     6.210169e+19     1.445354e-15     4.369626e-27      0.0000
    0.2894     7.278954e+19     1.451511e-15     4.388239e-27      0.0000
    0.2894     8.531679e+19     1.456370e-15     4.402928e-27      0.0000
    0.2894     1.000000e+20     1.460020e-15     4.413965e-27      0.0000
    0.3455     1.000000e+18     4.577169e-14     1.383780e-25      0.0000
    0.3455     1.172102e+18     4.844462e-14     1.464588e-25      0.0000
    0.3455     1.373824e+18     5.129226e-14     1.550679e-25      0.0000
    0.3455     1.610262e+18     5.429307e-14     1.641400e-25      0.0000
    0.3455     1.887392e+18     5.741912e-14     1.735907e-25      0.0000
    0.3455     2.212216e+18     6.063682e-14     1.833185e-25      0.0000
    0.3455     2.592944e+18     6.390819e-14     1.932086e-25      0.0000
    0.3455     3.039195e+18     6.719261e-14     2.031382e-25      0.0000
    0.3455     3.562248e+18     7.044873e-14     2.129821e-25      0.0000
    0.3455     4.175319e+18     7.363656e-14     2.226196e-25      0.0000
    0.3455     4.893901e+18     7.671932e-14     2.319395e-25      0.0000
    0.3455     5.736153e+18     7.966506e-14     2.408451e-25      0.0000
    0.3455     6.723358e+18     8.244775e-14     2.492578e-25      0.0000
    0.3455     7.880463e+18     8.504785e-14     2.571185e-25      0.0000
    0.3455     9.236709e+18     8.745241e-14     2.643880e-25      0.0000
    0.3455     1.082637e+19     8.965469e-14     2.710460e-25      0.0000
    0.3455     1.268961e+19     9.165348e-14     2.770888e-25      0.0000
    0.3455     1.487352e+19     9.345222e-14     2.825268e-25      0.0000
    0.3455     1.743329e+19     9.505795e-14     2.873813e-25      0.0000
    0.3455     2.043360e+19     9.648039e-14     2.916816e-25      0.0000
    0.3455     2.395027e+19     9.773097e-14     2.954624e-25      0.0000
    0.3455     2.807216e+19     9.882207e-14     2.987610e-25      0.0000
    0.3455     3.290345e+19     9.976630e-14     3.016156e-25      0.0000
    0.3455     3.856620e+19     1.005760e-13     3.040637e-25      0.0000
    0.3455     4.520354e+19     1.012630e-13     3.061404e-25      0.0000
    0.3455     5.298317e+19     1.018378e-13     3.078783e-25      0.0000
    0.3455     6.210169e+19     1.023101e-13     3.093062e-25      0.0000
    0.3455     7.278954e+19     1.026882e-13     3.104491e-25      0.0000
    0.3455     8.531679e+19     1.029788e-13     3.113279e-25      0.0000
    0.3455     1.000000e+20     1.031876e-13     3.119589e-25      0.0000
    0.4125     1.000000e+18     1.698536e-12     5.135051e-24      0.0000
    0.4125     1.172102e+18     1.797272e-12     5.433551e-24      0.0000
    0.4125     1.373824e+18     1.901681e-12     5.749203e-24      0.0000
    0.4125     1.610262e+18     2.010845e-12     6.079229e-24      0.0000
    0.4125     1.887392e+18     2.123635e-12     6.420219e-24      0.0000
    0.4125     2.212216e+18     2.238753e-12     6.768247e-24      0.0000
    0.4125     2.592944e+18     2.354786e-12     7.119040e-24      0.0000
    0.4125     3.039195e+18     2.470273e-12     7.468184e-24      0.0000
    0.4125     3.562248e+18     2.583780e-12     7.811341e-24      0.0000
    0.4125     4.175319e+18     2.693965e-12     8.144455e-24      0.0000
    0.4125     4.893901e+18     2.799642e-12     8.463939e-24      0.0000
    0.4125     5.736153e+18     2.899823e-12     8.766807e-24      0.0000
    0.4125     6.723358e+18     2.993744e-12     9.050752e-24      0.0000
    0.4125     7.880463e+18     3.080877e-12     9.314175e-24      0.0000
    0.4125     9.236709e+18     3.160918e-12     9.556156e-24      0.0000
    0.4125     1.082637e+19     3.233766e-12     9.776393e-24      0.0000
    0.4125     1.268961e+19     3.299496e-12     9.975107e-24      0.0000
    0.4125     1.487352e+19     3.358320e-12     1.015294e-23      0.0000
    0.4125     1.743329e+19     3.410556e-12     1.031087e-23      0.0000
    0.4125     2.043360e+19     3.456592e-12     1.045004e-23      0.0000
    0.4125     2.395027e+19     3.496859e-12     1.057178e-23      0.0000
    0.4125     2.807216e+19     3.531802e-12     1.067742e-23      0.0001
    0.4125     3.290345e+19     3.561863e-12     1.076830e-23      0.0001
    0.4125     3.856620e+19     3.587464e-12     1.084570e-23      0.0001
    0.4125     4.520354e+19     3.608996e-12     1.091079e-23      0.0001
    0.4125     5.298317e+19     3.626810e-12     1.096465e-23      0.0001
    0.4125     6.210169e+19     3.641215e-12     1.100820e-23      0.0001
    0.4125     7.278954e+19     3.652469e-12     1.104222e-23      0.0001
    0.4125     8.531679e+19     3.660782e-12     1.106736e-23      0.0001
    0.4125     1.000000e+20     3.666313e-12     1.108408e-23      0.0001
    0.4924     1.000000e+18     3.557830e-11     1.075611e-22      0.0002
    0.4924     1.172102e+18     3.760279e-11     1.136816e-22      0.0002
    0.4924     1.373824e+18     3.972343e-11     1.200927e-22      0.0002
    0.4924     1.610262e+18     4.191877e-11     1.267297e-22      0.0002
    0.4924     1.887392e+18     4.416390e-11     1.335173e-22      0.0003
    0.4924     2.212216e+18     4.643147e-11     1.403726e-22      0.0003
    0.4924     2.592944e+18     4.869299e-11     1.472097e-22      0.0003
    0.4924     3.039195e+18     5.092022e-11     1.539431e-22      0.0003
    0.4924     3.562248e+18     5.308657e-11     1.604925e-22      0.0003
    0.4924     4.175319e+18     5.516829e-11     1.667860e-22      0.0004
    0.4924     4.893901e+18     5.714540e-11     1.727632e-22      0.0004
    0.4924     5.736153e+18     5.900227e-11     1.783769e-22      0.0004
    0.4924     6.723358e+18     6.072781e-11     1.835936e-22      0.0004
    0.4924     7.880463e+18     6.231541e-11     1.883933e-22      0.0004
    0.4924     9.236709e+18     6.376250e-11     1.927682e-22      0.0004
    0.4924     1.082637e+19     6.507004e-11     1.967211e-22      0.0005
    0.4924     1.268961e+19     6.624180e-11     2.002636e-22      0.0005
    0.4924     1.487352e+19     6.728372e-11     2.034136e-22      0.0005
    0.4924     1.743329e+19     6.820324e-11     2.061935e-22      0.0005
    0.4924     2.043360e+19     6.900866e-11     2.086285e-22      0.0005
    0.4924     2.395027e+19     6.970871e-11     2.107449e-22      0.0005
    0.4924     2.807216e+19     7.031206e-11     2.125689e-22      0.0005
    0.4924     3.290345e+19     7.082707e-11     2.141259e-22      0.0005
    0.4924     3.856620e+19     7.126152e-11     2.154394e-22      0.0005
    0.4924     4.520354e+19     7.162244e-11     2.165305e-22      0.0005
    0.4924     5.298317e+19     7.191602e-11     2.174181e-22      0.0005
    0.4924     6.210169e+19     7.214751e-11     2.181179e-22      0.0005
    0.4924     7.278954e+19     7.232121e-11     2.186431e-22      0.0005
    0.4924     8.531679e+19     7.244044e-11     2.190035e-22      0.0005
    0.4924     1.000000e+20     7.250752e-11     2.192063e-22      0.0005
    0.5878     1.000000e+18     5.148314e-10     1.556450e-21      0.0013
    0.5878     1.172102e+18     5.455628e-10     1.649357e-21      0.0014
    0.5878     1.373824e+18     5.773576e-10     1.745480e-21      0.0015
    0.5878     1.610262e+18     6.098532e-10     1.843722e-21      0.0017
    0.5878     1.887392e+18     6.426528e-10     1.942882e-21      0.0018
    0.5878     2.212216e+18     6.753441e-10     2.041715e-21      0.0019
    0.5878     2.592944e+18     7.075192e-10     2.138988e-21      0.0021
    0.5878     3.039195e+18     7.387954e-10     2.233542e-21      0.0022
    0.5878     3.562248e+18     7.688315e-10     2.324348e-21      0.0023
    0.5878     4.175319e+18     7.973414e-10     2.410540e-21      0.0025
    0.5878     4.893901e+18     8.241022e-10     2.491444e-21      0.0026
    0.5878     5.736153e+18     8.489569e-10     2.566585e-21      0.0027
    0.5878     6.723358e+18     8.718129e-10     2.635684e-21      0.0028
    0.5878     7.880463e+18     8.926357e-10     2.698635e-21      0.0029
    0.5878     9.236709e+18     9.114411e-10     2.755488e-21      0.0030
    0.5878     1.082637e+19     9.282856e-10     2.806413e-21      0.0030
    0.5878     1.268961e+19     9.432562e-10     2.851673e-21      0.0031
    0.5878     1.487352e+19     9.564609e-10     2.891593e-21      0.0032
    0.5878     1.743329e+19     9.680203e-10     2.926540e-21      0.0032
    0.5878     2.043360e+19     9.780603e-10     2.956893e-21      0.0033
    0.5878     2.395027e+19     9.867061e-10     2.983031e-21      0.0033
    0.5878     2.807216e+19     9.940779e-10     3.005318e-21      0.0033
    0.5878     3.290345e+19     1.000287e-09     3.024090e-21      0.0034
    0.5878     3.856620e+19     1.005435e-09     3.039653e-21      0.0034
    0.5878     4.520354e+19     1.009609e-09     3.052272e-21      0.0034
    0.5878     5.298317e+19     1.012885e-09     3.062176e-21      0.0034
    0.5878     6.210169e+19     1.015323e-09     3.069547e-21      0.0034
    0.5878     7.278954e+19     1.016970e-09     3.074526e-21      0.0035
    0.5878     8.531679e+19     1.017858e-09     3.077211e-21      0.0035
    0.5878     1.000000e+20     1.018005e-09     3.077656e-21      0.0035
    0.7017     1.000000e+18     4.538015e-09     1.371942e-20      0.0066
    0.7017     1.172102e+18     4.793124e-09     1.449068e-20      0.0072
    0.7017     1.373824e+18     5.053004e-09     1.527635e-20      0.0078
    0.7017     1.610262e+18     5.314445e-09     1.606674e-20      0.0085
    0.7017     1.887392e+18     5.574156e-09     1.685191e-20      0.0091
    0.7017     2.212216e+18     5.828927e-09     1.762214e-20      0.0097
    0.7017     2.592944e+18     6.075782e-09     1.836844e-20      0.0104
    0.7017     3.039195e+18     6.312114e-09     1.908292e-20      0.0109
    0.7017     3.562248e+18     6.535770e-09     1.975908e-20      0.0115
    0.7017     4.175319e+18     6.745115e-09     2.039198e-20      0.0120
    0.7017     4.893901e+18     6.939037e-09     2.097825e-20      0.0125
    0.7017     5.736153e+18     7.116926e-09     2.151605e-20      0.0129
    0.7017     6.723358e+18     7.278624e-09     2.200489e-20      0.0133
    0.7017     7.880463e+18     7.424350e-09     2.244546e-20      0.0137
    0.7017     9.236709e+18     7.554629e-09     2.283932e-20      0.0140
    0.7017     1.082637e+19     7.670207e-09     2.318874e-20      0.0143
    0.7017     1.268961e+19     7.771981e-09     2.349642e-20      0.0146
    0.7017     1.487352e+19     7.860931e-09     2.376534e-20      0.0148
    0.7017     1.743329e+19     7.938066e-09     2.399853e-20      0.0150
    0.7017     2.043360e+19     8.004380e-09     2.419901e-20      0.0152
    0.7017     2.395027e+19     8.060819e-09     2.436964e-20      0.0153
    0.7017     2.807216e+19     8.108258e-09     2.451306e-20      0.0155
    0.7017     3.290345e+19     8.147479e-09     2.463164e-20      0.0156
    0.7017     3.856620e+19     8.179166e-09     2.472743e-20      0.0157
    0.7017     4.520354e+19     8.203895e-09     2.480219e-20      0.0158
    0.7017     5.298317e+19     8.222130e-09     2.485732e-20      0.0158
    0.7017     6.210169e+19     8.234222e-09     2.489388e-20      0.0159
    0.7017     7.278954e+19     8.240409e-09     2.491258e-20      0.0160
    0.7017     8.531679e+19     8.240815e-09     2.491381e-20      0.0160
    0.7017     1.000000e+20     8.235453e-09     2.489760e-20      0.0161
    0.8377     1.000000e+18     2.826089e-08     8.543895e-20      0.0257
    0.8377     1.172102e+18     2.971098e-08     8.982288e-20      0.0279
    0.8377     1.373824e+18     3.116244e-08     9.421095e-20      0.0301
    0.8377     1.610262e+18     3.259704e-08     9.854809e-20      0.0323
    0.8377     1.887392e+18     3.399740e-08     1.027817e-19      0.0345
    0.8377     2.212216e+18     3.534770e-08     1.068639e-19      0.0366
    0.8377     2.592944e+18     3.663442e-08     1.107540e-19      0.0386
    0.8377     3.039195e+18     3.784674e-08     1.144191e-19      0.0404
    0.8377     3.562248e+18     3.897675e-08     1.178354e-19      0.0422
    0.8377     4.175319e+18     4.001942e-08     1.209876e-19      0.0438
    0.8377     4.893901e+18     4.097240e-08     1.238686e-19      0.0452
    0.8377     5.736153e+18     4.183572e-08     1.264787e-19      0.0466
    0.8377     6.723358e+18     4.261136e-08     1.288236e-19      0.0478
    0.8377     7.880463e+18     4.330277e-08     1.309139e-19      0.0489
    0.8377     9.236709e+18     4.391451e-08     1.327633e-19      0.0498
    0.8377     1.082637e+19     4.445181e-08     1.343877e-19      0.0507
    0.8377     1.268961e+19     4.492023e-08     1.358038e-19      0.0514
    0.8377     1.487352e+19     4.532539e-08     1.370287e-19      0.0521
    0.8377     1.743329e+19     4.567276e-08     1.380789e-19      0.0526
    0.8377     2.043360e+19     4.596750e-08     1.389699e-19      0.0531
    0.8377     2.395027e+19     4.621430e-08     1.397161e-19      0.0536
    0.8377     2.807216e+19     4.641734e-08     1.403299e-19      0.0539
    0.8377     3.290345e+19     4.658023e-08     1.408224e-19      0.0543
    0.8377     3.856620e+19     4.670599e-08     1.412026e-19      0.0546
    0.8377     4.520354e+19     4.679701e-08     1.414778e-19      0.0548
    0.8377     5.298317e+19     4.685507e-08     1.416533e-19      0.0550
    0.8377     6.210169e+19     4.688131e-08     1.417326e-19      0.0552
    0.8377     7.278954e+19     4.687626e-08     1.417173e-19      0.0553
    0.8377     8.531679e+19     4.683985e-08     1.416072e-19      0.0555
    0.8377     1.000000e+20     4.677136e-08     1.414002e-19      0.0556
    1.0000     1.000000e+18     1.317630e-07     3.983487e-19      0.0796
    1.0000     1.172102e+18     1.378162e-07     4.166489e-19      0.0857
    1.0000     1.373824e+18     1.437694e-07     4.346468e-19      0.0918
    1.0000     1.610262e+18     1.495522e-07     4.521295e-19      0.0976
    1.0000     1.887392e+18     1.551020e-07     4.689077e-19      0.1033
    1.0000     2.212216e+18     1.603665e-07     4.848234e-19      0.1086
    1.0000     2.592944e+18     1.653053e-07     4.997545e-19      0.1136
    1.0000     3.039195e+18     1.698901e-07     5.136155e-19      0.1183
    1.0000     3.562248e+18     1.741046e-07     5.263569e-19      0.1226
    1.0000     4.175319e+18     1.779432e-07     5.379617e-19      0.1265
    1.0000     4.893901e+18     1.814094e-07     5.484407e-19      0.1301
    1.0000     5.736153e+18     1.845142e-07     5.578272e-19      0.1333
    1.0000     6.723358e+18     1.872742e-07     5.661714e-19      0.1361
    1.0000     7.880463e+18     1.897098e-07     5.735348e-19      0.1386
    1.0000     9.236709e+18     1.918437e-07     5.799860e-19      0.1409
    1.0000     1.082637e+19     1.936995e-07     5.855964e-19      0.1428
    1.0000     1.268961e+19     1.953006e-07     5.904369e-19      0.1445
    1.0000     1.487352e+19     1.966695e-07     5.945756e-19      0.1460
    1.0000     1.743329e+19     1.978273e-07     5.980759e-19      0.1473
    1.0000     2.043360e+19     1.987930e-07     6.009953e-19      0.1485
    1.0000     2.395027e+19     1.995832e-07     6.033843e-19      0.1494
    1.0000     2.807216e+19     2.002124e-07     6.052863e-19      0.1503
    1.0000     3.290345e+19     2.006922e-07     6.067370e-19      0.1510
    1.0000     3.856620e+19     2.010320e-07     6.077644e-19      0.1516
    1.0000     4.520354e+19     2.012385e-07     6.083887e-19      0.1522
    1.0000     5.298317e+19     2.013158e-07     6.086223e-19      0.1526
    1.0000     6.210169e+19     2.012654e-07     6.084700e-19      0.1530
    1.0000     7.278954e+19     2.010864e-07     6.079288e-19      0.1534
    1.0000     8.531679e+19     2.007753e-07     6.069881e-19      0.1537
    1.0000     1.000000e+20     2.003258e-07     6.056294e-19      0.1539
    1.1938     1.000000e+18     1.169350e-07     1.467285e-18      0.2051
    1.1938     1.172102e+18     1.217564e-07     1.527784e-18      0.2192
    1.1938     1.373824e+18     1.264266e-07     1.586385e-18      0.2329
    1.1938     1.610262e+18     1.308964e-07     1.642470e-18      0.2461
    1.1938     1.887392e+18     1.351253e-07     1.695535e-18      0.2585
    1.1938     2.212216e+18     1.390828e-07     1.745193e-18      0.2701
    1.1938     2.592944e+18     1.427483e-07     1.791187e-18      0.2809
    1.1938     3.039195e+18     1.461104e-07     1.833375e-18      0.2908
    1.1938     3.562248e+18     1.491666e-07     1.871723e-18      0.2998
    1.1938     4.175319e+18     1.519213e-07     1.906288e-18      0.3080
    1.1938     4.893901e+18     1.543846e-07     1.937198e-18      0.3153
    1.1938     5.736153e+18     1.565710e-07     1.964633e-18      0.3218
    1.1938     6.723358e+18     1.584977e-07     1.988809e-18      0.3276
    1.1938     7.880463e+18     1.601834e-07     2.009961e-18      0.3327
    1.1938     9.236709e+18     1.616475e-07     2.028332e-18      0.3371
    1.1938     1.082637e+19     1.629090e-07     2.044160e-18      0.3410
    1.1938     1.268961e+19     1.639860e-07     2.057675e-18      0.3445
    1.1938     1.487352e+19     1.648954e-07     2.069086e-18      0.3474
    1.1938     1.743329e+19     1.656524e-07     2.078584e-18      0.3500
    1.1938     2.043360e+19     1.662702e-07     2.086336e-18      0.3522
    1.1938     2.395027e+19     1.667601e-07     2.092484e-18      0.3541
    1.1938     2.807216e+19     1.671315e-07     2.097145e-18      0.3558
    1.1938     3.290345e+19     1.673916e-07     2.100408e-18      0.3572
    1.1938     3.856620e+19     1.675455e-07     2.102339e-18      0.3584
    1.1938     4.520354e+19     1.675962e-07     2.102975e-18      0.3595
    1.1938     5.298317e+19     1.675449e-07     2.102331e-18      0.3604
    1.1938     6.210169e+19     1.673904e-07     2.100393e-18      0.3612
    1.1938     7.278954e+19     1.671298e-07     2.097123e-18      0.3618
    1.1938     8.531679e+19     1.667577e-07     2.092454e-18      0.3624
    1.1938     1.000000e+20     1.662671e-07     2.086298e-18      0.3629
    1.4251     1.000000e+18     1.034839e-07     4.489804e-18      0.4625
    1.4251     1.172102e+18     1.074381e-07     4.661362e-18      0.4917
    1.4251     1.373824e+18     1.112272e-07     4.825761e-18      0.5197
    1.4251     1.610262e+18     1.148166e-07     4.981489e-18      0.5462
    1.4251     1.887392e+18     1.181793e-07     5.127388e-18      0.5711
    1.4251     2.212216e+18     1.212972e-07     5.262663e-18      0.5942
    1.4251     2.592944e+18     1.241600e-07     5.386870e-18      0.6155
    1.4251     3.039195e+18     1.267648e-07     5.499880e-18      0.6348
    1.4251     3.562248e+18     1.291147e-07     5.601833e-18      0.6523
    1.4251     4.175319e+18     1.312178e-07     5.693083e-18      0.6680
    1.4251     4.893901e+18     1.330862e-07     5.774142e-18      0.6820
    1.4251     5.736153e+18     1.347339e-07     5.845633e-18      0.6945
    1.4251     6.723358e+18     1.361769e-07     5.908238e-18      0.7054
    1.4251     7.880463e+18     1.374313e-07     5.962664e-18      0.7151
    1.4251     9.236709e+18     1.385134e-07     6.009612e-18      0.7235
    1.4251     1.082637e+19     1.394386e-07     6.049752e-18      0.7309
    1.4251     1.268961e+19     1.402212e-07     6.083705e-18      0.7372
    1.4251     1.487352e+19     1.408741e-07     6.112036e-18      0.7428
    1.4251     1.743329e+19     1.414089e-07     6.135239e-18      0.7476
    1.4251     2.043360e+19     1.418353e-07     6.153738e-18      0.7517
    1.4251     2.395027e+19     1.421614e-07     6.167884e-18      0.7553
    1.4251     2.807216e+19     1.423934e-07     6.177951e-18      0.7584
    1.4251     3.290345e+19     1.425360e-07     6.184137e-18      0.7610
    1.4251     3.856620e+19     1.425920e-07     6.186566e-18      0.7633
    1.4251     4.520354e+19     1.425625e-07     6.185288e-18      0.7652
    1.4251     5.298317e+19     1.424470e-07     6.180276e-18      0.7669
    1.4251     6.210169e+19     1.422431e-07     6.171429e-18      0.7683
    1.4251     7.278954e+19     1.419467e-07     6.158571e-18      0.7695
    1.4251     8.531679e+19     1.415521e-07     6.141449e-18      0.7706
    1.4251     1.000000e+20     1.410516e-07     6.119733e-18      0.7715
    1.7013     1.000000e+18     9.380226e-08     1.198990e-17      0.9622
    1.7013     1.172102e+18     9.736811e-08     1.244569e-17      1.0210
    1.7013     1.373824e+18     1.007718e-07     1.288076e-17      1.0771
    1.7013     1.610262e+18     1.039840e-07     1.329134e-17      1.1300
    1.7013     1.887392e+18     1.069827e-07     1.367463e-17      1.1795
    1.7013     2.212216e+18     1.097537e-07     1.402884e-17      1.2253
    1.7013     2.592944e+18     1.122901e-07     1.435304e-17      1.2673
    1.7013     3.039195e+18     1.145911e-07     1.464715e-17      1.3055
    1.7013     3.562248e+18     1.166612e-07     1.491176e-17      1.3399
    1.7013     4.175319e+18     1.185092e-07     1.514797e-17      1.3707
    1.7013     4.893901e+18     1.201467e-07     1.535727e-17      1.3982
    1.7013     5.736153e+18     1.215873e-07     1.554141e-17      1.4225
    1.7013     6.723358e+18     1.228455e-07     1.570224e-17      1.4439
    1.7013     7.880463e+18     1.239364e-07     1.584168e-17      1.4627
    1.7013     9.236709e+18     1.248744e-07     1.596158e-17      1.4791
    1.7013     1.082637e+19     1.256734e-07     1.606370e-17      1.4934
    1.7013     1.268961e+19     1.263459e-07     1.614967e-17      1.5058
    1.7013     1.487352e+19     1.269035e-07     1.622093e-17      1.5166
    1.7013     1.743329e+19     1.273558e-07     1.627875e-17      1.5259
    1.7013     2.043360e+19     1.277114e-07     1.632421e-17      1.5339
    1.7013     2.395027e+19     1.279770e-07     1.635816e-17      1.5408
    1.7013     2.807216e+19     1.281578e-07     1.638126e-17      1.5468
    1.7013     3.290345e+19     1.282574e-07     1.639399e-17      1.5519
    1.7013     3.856620e+19     1.282777e-07     1.639658e-17      1.5563
    1.7013     4.520354e+19     1.282192e-07     1.638911e-17      1.5600
    1.7013     5.298317e+19     1.280807e-07     1.637141e-17      1.5632
    1.7013     6.210169e+19     1.278595e-07     1.634313e-17      1.5660
    1.7013     7.278954e+19     1.275512e-07     1.630372e-17      1.5684
    1.7013     8.531679e+19     1.271498e-07     1.625241e-17      1.5704
    1.7013     1.000000e+20     1.266477e-07     1.618825e-17      1.5721
    2.0309     1.000000e+18     9.709079e-08     3.181849e-17      2.1936
    2.0309     1.172102e+18     1.011295e-07     3.314207e-17      2.3270
    2.0309     1.373824e+18     1.049832e-07     3.440498e-17      2.4544
    2.0309     1.610262e+18     1.086187e-07     3.559639e-17      2.5747
    2.0309     1.887392e+18     1.120115e-07     3.670828e-17      2.6870
    2.0309     2.212216e+18     1.151458e-07     3.773546e-17      2.7909
    2.0309     2.592944e+18     1.180140e-07     3.867542e-17      2.8861
    2.0309     3.039195e+18     1.206154e-07     3.952795e-17      2.9726
    2.0309     3.562248e+18     1.229555e-07     4.029484e-17      3.0506
    2.0309     4.175319e+18     1.250442e-07     4.097935e-17      3.1205
    2.0309     4.893901e+18     1.268949e-07     4.158586e-17      3.1826
    2.0309     5.736153e+18     1.285231e-07     4.211947e-17      3.2377
    2.0309     6.723358e+18     1.299456e-07     4.258562e-17      3.2862
    2.0309     7.880463e+18     1.311791e-07     4.298987e-17      3.3287
    2.0309     9.236709e+18     1.322403e-07     4.333764e-17      3.3659
    2.0309     1.082637e+19     1.331447e-07     4.363406e-17      3.3983
    2.0309     1.268961e+19     1.339070e-07     4.388385e-17      3.4264
    2.0309     1.487352e+19     1.345399e-07     4.409126e-17      3.4507
    2.0309     1.743329e+19     1.350547e-07     4.425999e-17      3.4718
    2.0309     2.043360e+19     1.354611e-07     4.439316e-17      3.4900
    2.0309     2.395027e+19     1.357667e-07     4.449333e-17      3.5056
    2.0309     2.807216e+19     1.359777e-07     4.456246e-17      3.5191
    2.0309     3.290345e+19     1.360982e-07     4.460196e-17      3.5307
    2.0309     3.856620e+19     1.361307e-07     4.461261e-17      3.5406
    2.0309     4.520354e+19     1.360759e-07     4.459466e-17      3.5491
    2.0309     5.298317e+19     1.359328e-07     4.454777e-17      3.5564
    2.0309     6.210169e+19     1.356986e-07     4.447101e-17      3.5627
    2.0309     7.278954e+19     1.353687e-07     4.436289e-17      3.5680
    2.0309     8.531679e+19     1.349368e-07     4.422135e-17      3.5726
    2.0309     1.000000e+20     1.343949e-07     4.404375e-17      3.5765
    2.4245     1.000000e+18     4.717125e-08     3.426055e-17      1.1671
    2.4245     1.172102e+18     4.750074e-08     3.449985e-17      1.1868
    2.4245     1.373824e+18     4.778929e-08     3.470943e-17      1.2041
    2.4245     1.610262e+18     4.804050e-08     3.489188e-17      1.2193
    2.4245     1.887392e+18     4.825783e-08     3.504973e-17      1.2325
    2.4245     2.212216e+18     4.844461e-08     3.518539e-17      1.2441
    2.4245     2.592944e+18     4.860389e-08     3.530108e-17      1.2541
    2.4245     3.039195e+18     4.873847e-08     3.539882e-17      1.2628
    2.4245     3.562248e+18     4.885080e-08     3.548040e-17      1.2703
    2.4245     4.175319e+18     4.894302e-08     3.554739e-17      1.2767
    2.4245     4.893901e+18     4.901697e-08     3.560110e-17      1.2823
    2.4245     5.736153e+18     4.907413e-08     3.564261e-17      1.2871
    2.4245     6.723358e+18     4.911567e-08     3.567278e-17      1.2912
    2.4245     7.880463e+18     4.914245e-08     3.569224e-17      1.2947
    2.4245     9.236709e+18     4.915503e-08     3.570137e-17      1.2978
    2.4245     1.082637e+19     4.915363e-08     3.570036e-17      1.3004
    2.4245     1.268961e+19     4.913820e-08     3.568915e-17      1.3026
    2.4245     1.487352e+19     4.910835e-08     3.566746e-17      1.3045
    2.4245     1.743329e+19     4.906337e-08     3.563480e-17      1.3061
    2.4245     2.043360e+19     4.900222e-08     3.559038e-17      1.3075
    2.4245     2.395027e+19     4.892351e-08     3.553322e-17      1.3087
    2.4245     2.807216e+19     4.882547e-08     3.546201e-17      1.3097
    2.4245     3.290345e+19     4.870593e-08     3.537519e-17      1.3106
    2.4245     3.856620e+19     4.856229e-08     3.527087e-17      1.3113
    2.4245     4.520354e+19     4.839152e-08     3.514683e-17      1.3120
    2.4245     5.298317e+19     4.819007e-08     3.500052e-17      1.3125
    2.4245     6.210169e+19     4.795392e-08     3.482900e-17      1.3130
    2.4245     7.278954e+19     4.767853e-08     3.462899e-17      1.3134
    2.4245     8.531679e+19     4.735884e-08     3.439680e-17      1.3137
    2.4245     1.000000e+20     4.698928e-08     3.412838e-17      1.3140
    2.8943     1.000000e+18     4.632327e-08     6.719225e-17      1.5552
    2.8943     1.172102e+18     4.652920e-08     6.749095e-17      1.5758
    2.8943     1.373824e+18     4.670748e-08     6.774955e-17      1.5937
    2.8943     1.610262e+18     4.686074e-08     6.797185e-17      1.6094
    2.8943     1.887392e+18     4.699143e-08     6.816143e-17      1.6229
    2.8943     2.212216e+18     4.710179e-08     6.832151e-17      1.6347
    2.8943     2.592944e+18     4.719381e-08     6.845497e-17      1.6449
    2.8943     3.039195e+18     4.726919e-08     6.856432e-17      1.6537
    2.8943     3.562248e+18     4.732942e-08     6.865168e-17      1.6613
    2.8943     4.175319e+18     4.737568e-08     6.871878e-17      1.6678
    2.8943     4.893901e+18     4.740890e-08     6.876696e-17      1.6734
    2.8943     5.736153e+18     4.742976e-08     6.879722e-17      1.6782
    2.8943     6.723358e+18     4.743866e-08     6.881014e-17      1.6823
    2.8943     7.880463e+18     4.743577e-08     6.880594e-17      1.6858
    2.8943     9.236709e+18     4.742097e-08     6.878448e-17      1.6889
    2.8943     1.082637e+19     4.739389e-08     6.874520e-17      1.6915
    2.8943     1.268961e+19     4.735388e-08     6.868715e-17      1.6937
    2.8943     1.487352e+19     4.729998e-08     6.860898e-17      1.6956
    2.8943     1.743329e+19     4.723095e-08     6.850885e-17      1.6972
    2.8943     2.043360e+19     4.714521e-08     6.838448e-17      1.6986
    2.8943     2.395027e+19     4.704082e-08     6.823306e-17      1.6998
    2.8943     2.807216e+19     4.691545e-08     6.805122e-17      1.7008
    2.8943     3.290345e+19     4.676639e-08     6.783501e-17      1.7016
    2.8943     3.856620e+19     4.659047e-08     6.757982e-17      1.7024
    2.8943     4.520354e+19     4.638403e-08     6.728039e-17      1.7030
    2.8943     5.298317e+19     4.614295e-08     6.693070e-17      1.7035
    2.8943     6.210169e+19     4.586260e-08     6.652405e-17      1.7040
    2.8943     7.278954e+19     4.553782e-08     6.605295e-17      1.7044
    2.8943     8.531679e+19     4.516298e-08     6.550925e-17      1.7047
    2.8943     1.000000e+20     4.473201e-08     6.488412e-17      1.7050
    3.4551     1.000000e+18     4.730042e-08     1.265869e-16      2.0241
    3.4551     1.172102e+18     4.749662e-08     1.271120e-16      2.0460
    3.4551     1.373824e+18     4.766488e-08     1.275623e-16      2.0651
    3.4551     1.610262e+18     4.780795e-08     1.279452e-16      2.0816
    3.4551     1.887392e+18     4.792833e-08     1.282674e-16      2.0960
    3.4551     2.212216e+18     4.802822e-08     1.285347e-16      2.1084
    3.4551     2.592944e+18     4.810950e-08     1.287522e-16      2.1191
    3.4551     3.039195e+18     4.817378e-08     1.289242e-16      2.1283
    3.4551     3.562248e+18     4.822234e-08     1.290542e-16      2.1362
    3.4551     4.175319e+18     4.825616e-08     1.291447e-16      2.1430
    3.4551     4.893901e+18     4.827593e-08     1.291976e-16      2.1489
    3.4551     5.736153e+18     4.828204e-08     1.292140e-16      2.1539
    3.4551     6.723358e+18     4.827458e-08     1.291940e-16      2.1582
    3.4551     7.880463e+18     4.825334e-08     1.291372e-16      2.1618
    3.4551     9.236709e+18     4.821780e-08     1.290420e-16      2.1650
    3.4551     1.082637e+19     4.816713e-08     1.289064e-16      2.1677
    3.4551     1.268961e+19     4.810015e-08     1.287272e-16      2.1700
    3.4551     1.487352e+19     4.801535e-08     1.285002e-16      2.1719
    3.4551     1.743329e+19     4.791082e-08     1.282205e-16      2.1736
    3.4551     2.043360e+19     4.778425e-08     1.278818e-16      2.1750
    3.4551     2.395027e+19     4.763292e-08     1.274768e-16      2.1763
    3.4551     2.807216e+19     4.745364e-08     1.269970e-16      2.1773
    3.4551     3.290345e+19     4.724273e-08     1.264325e-16      2.1782
    3.4551     3.856620e+19     4.699602e-08     1.257723e-16      2.1790
    3.4551     4.520354e+19     4.670882e-08     1.250037e-16      2.1796
    3.4551     5.298317e+19     4.637592e-08     1.241127e-16      2.1802
    3.4551     6.210169e+19     4.599164e-08     1.230843e-16      2.1807
    3.4551     7.278954e+19     4.554987e-08     1.219020e-16      2.1811
    3.4551     8.531679e+19     4.504412e-08     1.205485e-16      2.1814
    3.4551     1.000000e+20     4.446771e-08     1.190059e-16      2.1817
    4.1246     1.000000e+18     4.113081e-08     1.892117e-16      2.5611
    4.1246     1.172102e+18     4.125626e-08     1.897888e-16      2.5846
    4.1246     1.373824e+18     4.136283e-08     1.902791e-16      2.6050
    4.1246     1.610262e+18     4.145238e-08     1.906910e-16      2.6227
    4.1246     1.887392e+18     4.152656e-08     1.910323e-16      2.6379
    4.1246     2.212216e+18     4.158679e-08     1.913093e-16      2.6511
    4.1246     2.592944e+18     4.163423e-08     1.915276e-16      2.6624
    4.1246     3.039195e+18     4.166985e-08     1.916915e-16      2.6721
    4.1246     3.562248e+18     4.169437e-08     1.918042e-16      2.6805
    4.1246     4.175319e+18     4.170827e-08     1.918682e-16      2.6877
    4.1246     4.893901e+18     4.171183e-08     1.918846e-16      2.6938
    4.1246     5.736153e+18     4.170509e-08     1.918536e-16      2.6991
    4.1246     6.723358e+18     4.168786e-08     1.917743e-16      2.7036
    4.1246     7.880463e+18     4.165971e-08     1.916448e-16      2.7075
    4.1246     9.236709e+18     4.161997e-08     1.914620e-16      2.7108
    4.1246     1.082637e+19     4.156771e-08     1.912216e-16      2.7136
    4.1246     1.268961e+19     4.150172e-08     1.909180e-16      2.7161
    4.1246     1.487352e+19     4.142050e-08     1.905444e-16      2.7181
    4.1246     1.743329e+19     4.132222e-08     1.900922e-16      2.7199
    4.1246     2.043360e+19     4.120471e-08     1.895517e-16      2.7214
    4.1246     2.395027e+19     4.106543e-08     1.889110e-16      2.7227
    4.1246     2.807216e+19     4.090145e-08     1.881566e-16      2.7238
    4.1246     3.290345e+19     4.070942e-08     1.872732e-16      2.7247
    4.1246     3.856620e+19     4.048553e-08     1.862433e-16      2.7255
    4.1246     4.520354e+19     4.022555e-08     1.850473e-16      2.7262
    4.1246     5.298317e+19     3.992480e-08     1.836638e-16      2.7268
    4.1246     6.210169e+19     3.957818e-08     1.820692e-16      2.7273
    4.1246     7.278954e+19     3.918021e-08     1.802385e-16      2.7277
    4.1246     8.531679e+19     3.872514e-08     1.781450e-16      2.7281
    4.1246     1.000000e+20     3.820704e-08     1.757617e-16      2.7284
    4.9239     1.000000e+18     3.677132e-08     2.709841e-16      3.1509
    4.9239     1.172102e+18     3.685646e-08     2.716115e-16      3.1760
    4.9239     1.373824e+18     3.692803e-08     2.721389e-16      3.1977
    4.9239     1.610262e+18     3.698734e-08     2.725760e-16      3.2164
    4.9239     1.887392e+18     3.703552e-08     2.729311e-16      3.2326
    4.9239     2.212216e+18     3.707352e-08     2.732111e-16      3.2465
    4.9239     2.592944e+18     3.710209e-08     2.734217e-16      3.2585
    4.9239     3.039195e+18     3.712181e-08     2.735670e-16      3.2688
    4.9239     3.562248e+18     3.713308e-08     2.736501e-16      3.2776
    4.9239     4.175319e+18     3.713611e-08     2.736724e-16      3.2852
    4.9239     4.893901e+18     3.713094e-08     2.736343e-16      3.2917
    4.9239     5.736153e+18     3.711741e-08     2.735346e-16      3.2972
    4.9239     6.723358e+18     3.709519e-08     2.733709e-16      3.3020
    4.9239     7.880463e+18     3.706374e-08     2.731391e-16      3.3061
    4.9239     9.236709e+18     3.702231e-08     2.728337e-16      3.3095
    4.9239     1.082637e+19     3.696993e-08     2.724477e-16      3.3125
    4.9239     1.268961e+19     3.690539e-08     2.719721e-16      3.3151
    4.9239     1.487352e+19     3.682721e-08     2.713960e-16      3.3172
    4.9239     1.743329e+19     3.673365e-08     2.707065e-16      3.3191
    4.9239     2.043360e+19     3.662263e-08     2.698883e-16      3.3207
    4.9239     2.395027e+19     3.649176e-08     2.689239e-16      3.3220
    4.9239     2.807216e+19     3.633830e-08     2.677930e-16      3.3232
    4.9239     3.290345e+19     3.615909e-08     2.664724e-16      3.3242
    4.9239     3.856620e+19     3.595064e-08     2.649361e-16      3.3250
    4.9239     4.520354e+19     3.570899e-08     2.631554e-16      3.3257
    4.9239     5.298317e+19     3.542985e-08     2.610982e-16      3.3263
    4.9239     6.210169e+19     3.510850e-08     2.587301e-16      3.3268
    4.9239     7.278954e+19     3.473995e-08     2.560141e-16      3.3273
    4.9239     8.531679e+19     3.431894e-08     2.529115e-16      3.3277
    4.9239     1.000000e+20     3.384010e-08     2.493827e-16      3.3280
    5.8780     1.000000e+18     3.376253e-08     3.730245e-16      3.7764
    5.8780     1.172102e+18     3.382334e-08     3.736963e-16      3.8029
    5.8780     1.373824e+18     3.387384e-08     3.742542e-16      3.8258
    5.8780     1.610262e+18     3.391499e-08     3.747088e-16      3.8455
    5.8780     1.887392e+18     3.394758e-08     3.750690e-16      3.8625
    5.8780     2.212216e+18     3.397227e-08     3.753418e-16      3.8772
    5.8780     2.592944e+18     3.398956e-08     3.755328e-16      3.8897
    5.8780     3.039195e+18     3.399978e-08     3.756457e-16      3.9005
    5.8780     3.562248e+18     3.400314e-08     3.756828e-16      3.9098
    5.8780     4.175319e+18     3.399968e-08     3.756446e-16      3.9177
    5.8780     4.893901e+18     3.398929e-08     3.755298e-16      3.9245
    5.8780     5.736153e+18     3.397171e-08     3.753355e-16      3.9303
    5.8780     6.723358e+18     3.394650e-08     3.750570e-16      3.9353
    5.8780     7.880463e+18     3.391306e-08     3.746876e-16      3.9395
    5.8780     9.236709e+18     3.387060e-08     3.742184e-16      3.9432
    5.8780     1.082637e+19     3.381812e-08     3.736386e-16      3.9463
    5.8780     1.268961e+19     3.375441e-08     3.729347e-16      3.9489
    5.8780     1.487352e+19     3.367802e-08     3.720907e-16      3.9512
    5.8780     1.743329e+19     3.358723e-08     3.710877e-16      3.9531
    5.8780     2.043360e+19     3.348005e-08     3.699034e-16      3.9548
    5.8780     2.395027e+19     3.335416e-08     3.685126e-16      3.9562
    5.8780     2.807216e+19     3.320693e-08     3.668859e-16      3.9574
    5.8780     3.290345e+19     3.303537e-08     3.649904e-16      3.9584
    5.8780     3.856620e+19     3.283612e-08     3.627891e-16      3.9593
    5.8780     4.520354e+19     3.260547e-08     3.602407e-16      3.9601
    5.8780     5.298317e+19     3.233931e-08     3.573001e-16      3.9607
    5.8780     6.210169e+19     3.203324e-08     3.539184e-16      3.9613
    5.8780     7.278954e+19     3.168254e-08     3.500437e-16      3.9617
    5.8780     8.531679e+19     3.128230e-08     3.456217e-16      3.9621
    5.8780     1.000000e+20     3.082755e-08     3.405974e-16      3.9625
    7.0170     1.000000e+18     3.127464e-08     4.954563e-16      4.4201
    7.0170     1.172102e+18     3.131928e-08     4.961636e-16      4.4478
    7.0170     1.373824e+18     3.135583e-08     4.967425e-16      4.4718
    7.0170     1.610262e+18     3.138497e-08     4.972043e-16      4.4924
    7.0170     1.887392e+18     3.140730e-08     4.975580e-16      4.5101
    7.0170     2.212216e+18     3.142325e-08     4.978107e-16      4.5253
    7.0170     2.592944e+18     3.143315e-08     4.979675e-16      4.5384
    7.0170     3.039195e+18     3.143719e-08     4.980314e-16      4.5496
    7.0170     3.562248e+18     3.143542e-08     4.980034e-16      4.5593
    7.0170     4.175319e+18     3.142779e-08     4.978825e-16      4.5675
    7.0170     4.893901e+18     3.141408e-08     4.976654e-16      4.5745
    7.0170     5.736153e+18     3.139397e-08     4.973468e-16      4.5806
    7.0170     6.723358e+18     3.136697e-08     4.969190e-16      4.5857
    7.0170     7.880463e+18     3.133241e-08     4.963716e-16      4.5902
    7.0170     9.236709e+18     3.128950e-08     4.956918e-16      4.5939
    7.0170     1.082637e+19     3.123723e-08     4.948636e-16      4.5971
    7.0170     1.268961e+19     3.117438e-08     4.938680e-16      4.5999
    7.0170     1.487352e+19     3.109953e-08     4.926823e-16      4.6023
    7.0170     1.743329e+19     3.101101e-08     4.912798e-16      4.6043
    7.0170     2.043360e+19     3.090686e-08     4.896299e-16      4.6060
    7.0170     2.395027e+19     3.078486e-08     4.876972e-16      4.6074
    7.0170     2.807216e+19     3.064246e-08     4.854413e-16      4.6087
    7.0170     3.290345e+19     3.047679e-08     4.828167e-16      4.6098
    7.0170     3.856620e+19     3.028463e-08     4.797724e-16      4.6107
    7.0170     4.520354e+19     3.006241e-08     4.762521e-16      4.6114
    7.0170     5.298317e+19     2.980626e-08     4.721941e-16      4.6121
    7.0170     6.210169e+19     2.951197e-08     4.675319e-16      4.6127
    7.0170     7.278954e+19     2.917508e-08     4.621949e-16      4.6132
    7.0170     8.531679e+19     2.879100e-08     4.561102e-16      4.6136
    7.0170     1.000000e+20     2.835504e-08     4.492037e-16      4.6139
    8.3768     1.000000e+18     2.922541e-08     6.374781e-16      5.0661
    8.3768     1.172102e+18     2.925895e-08     6.382097e-16      5.0948
    8.3768     1.373824e+18     2.928592e-08     6.387980e-16      5.1195
    8.3768     1.610262e+18     2.930685e-08     6.392545e-16      5.1408
    8.3768     1.887392e+18     2.932216e-08     6.395883e-16      5.1591
    8.3768     2.212216e+18     2.933214e-08     6.398061e-16      5.1748
    8.3768     2.592944e+18     2.933700e-08     6.399121e-16      5.1883
    8.3768     3.039195e+18     2.933682e-08     6.399082e-16      5.1999
    8.3768     3.562248e+18     2.933157e-08     6.397937e-16      5.2098
    8.3768     4.175319e+18     2.932111e-08     6.395655e-16      5.2183
    8.3768     4.893901e+18     2.930517e-08     6.392178e-16      5.2256
    8.3768     5.736153e+18     2.928336e-08     6.387420e-16      5.2318
    8.3768     6.723358e+18     2.925515e-08     6.381268e-16      5.2371
    8.3768     7.880463e+18     2.921988e-08     6.373573e-16      5.2416
    8.3768     9.236709e+18     2.917670e-08     6.364155e-16      5.2455
    8.3768     1.082637e+19     2.912461e-08     6.352793e-16      5.2488
    8.3768     1.268961e+19     2.906241e-08     6.339226e-16      5.2516
    8.3768     1.487352e+19     2.898869e-08     6.323146e-16      5.2540
    8.3768     1.743329e+19     2.890180e-08     6.304193e-16      5.2561
    8.3768     2.043360e+19     2.879984e-08     6.281954e-16      5.2579
    8.3768     2.395027e+19     2.868064e-08     6.255953e-16      5.2594
    8.3768     2.807216e+19     2.854172e-08     6.225651e-16      5.2607
    8.3768     3.290345e+19     2.838030e-08     6.190441e-16      5.2618
    8.3768     3.856620e+19     2.819327e-08     6.149646e-16      5.2627
    8.3768     4.520354e+19     2.797721e-08     6.102518e-16      5.2635
    8.3768     5.298317e+19     2.772838e-08     6.048241e-16      5.2642
    8.3768     6.210169e+19     2.744276e-08     5.985940e-16      5.2648
    8.3768     7.278954e+19     2.711612e-08     5.914692e-16      5.2652
    8.3768     8.531679e+19     2.674409e-08     5.833543e-16      5.2657
    8.3768     1.000000e+20     2.632228e-08     5.741537e-16      5.2660
   10.0000     1.000000e+18     2.755052e-08     7.975351e-16      5.7004
   10.0000     1.172102e+18     2.757619e-08     7.982783e-16      5.7298
   10.0000     1.373824e+18     2.759639e-08     7.988628e-16      5.7551
   10.0000     1.610262e+18     2.761150e-08     7.993003e-16      5.7769
   10.0000     1.887392e+18     2.762183e-08     7.995995e-16      5.7957
   10.0000     2.212216e+18     2.762759e-08     7.997661e-16      5.8118
   10.0000     2.592944e+18     2.762887e-08     7.998033e-16      5.8255
   10.0000     3.039195e+18     2.762569e-08     7.997112e-16      5.8374
   10.0000     3.562248e+18     2.761795e-08     7.994871e-16      5.8475
   10.0000     4.175319e+18     2.760545e-08     7.991252e-16      5.8561
   10.0000     4.893901e+18     2.758788e-08     7.986165e-16      5.8636
   10.0000     5.736153e+18     2.756480e-08     7.979486e-16      5.8699
   10.0000     6.723358e+18     2.753568e-08     7.971054e-16      5.8753
   10.0000     7.880463e+18     2.749980e-08     7.960668e-16      5.8799
   10.0000     9.236709e+18     2.745633e-08     7.948084e-16      5.8839
   10.0000     1.082637e+19     2.740425e-08     7.933009e-16      5.8873
   10.0000     1.268961e+19     2.734237e-08     7.915095e-16      5.8902
   10.0000     1.487352e+19     2.726928e-08     7.893938e-16      5.8926
   10.0000     1.743329e+19     2.718337e-08     7.869067e-16      5.8947
   10.0000     2.043360e+19     2.708275e-08     7.839940e-16      5.8965
   10.0000     2.395027e+19     2.696530e-08     7.805940e-16      5.8981
   10.0000     2.807216e+19     2.682859e-08     7.766365e-16      5.8994
   10.0000     3.290345e+19     2.666990e-08     7.720429e-16      5.9005
   10.0000     3.856620e+19     2.648622e-08     7.667258e-16      5.9014
   10.0000     4.520354e+19     2.627422e-08     7.605887e-16      5.9022
   10.0000     5.298317e+19     2.603028e-08     7.535272e-16      5.9029
   10.0000     6.210169e+19     2.575054e-08     7.454292e-16      5.9035
   10.0000     7.278954e+19     2.543094e-08     7.361774e-16      5.9040
   10.0000     8.531679e+19     2.506732e-08     7.256513e-16      5.9045
   10.0000     1.000000e+20     2.465554e-08     7.137310e-16      5.9048
   11.9378     1.000000e+18     2.905409e-08     1.067230e-15      9.2041
   11.9378     1.172102e+18     2.908410e-08     1.068333e-15      9.2454
   11.9378     1.373824e+18     2.910792e-08     1.069207e-15      9.2809
   11.9378     1.610262e+18     2.912603e-08     1.069873e-15      9.3115
   11.9378     1.887392e+18     2.913881e-08     1.070342e-15      9.3377
   11.9378     2.212216e+18     2.914653e-08     1.070626e-15      9.3602
   11.9378     2.592944e+18     2.914934e-08     1.070729e-15      9.3795
   11.9378     3.039195e+18     2.914729e-08     1.070653e-15      9.3960
   11.9378     3.562248e+18     2.914031e-08     1.070397e-15      9.4101
   11.9378     4.175319e+18     2.912822e-08     1.069953e-15      9.4222
   11.9378     4.893901e+18     2.911072e-08     1.069310e-15      9.4325
   11.9378     5.736153e+18     2.908740e-08     1.068453e-15      9.4413
   11.9378     6.723358e+18     2.905768e-08     1.067362e-15      9.4489
   11.9378     7.880463e+18     2.902086e-08     1.066009e-15      9.4553
   11.9378     9.236709e+18     2.897608e-08     1.064365e-15      9.4608
   11.9378     1.082637e+19     2.892230e-08     1.062389e-15      9.4656
   11.9378     1.268961e+19     2.885828e-08     1.060037e-15      9.4696
   11.9378     1.487352e+19     2.878257e-08     1.057256e-15      9.4730
   11.9378     1.743329e+19     2.869350e-08     1.053985e-15      9.4759
   11.9378     2.043360e+19     2.858913e-08     1.050151e-15      9.4784
   11.9378     2.395027e+19     2.846725e-08     1.045674e-15      9.4806
   11.9378     2.807216e+19     2.832536e-08     1.040462e-15      9.4824
   11.9378     3.290345e+19     2.816065e-08     1.034412e-15      9.4840
   11.9378     3.856620e+19     2.796999e-08     1.027408e-15      9.4853
   11.9378     4.520354e+19     2.774994e-08     1.019325e-15      9.4864
   11.9378     5.298317e+19     2.749677e-08     1.010026e-15      9.4874
   11.9378     6.210169e+19     2.720649e-08     9.993631e-16      9.4882
   11.9378     7.278954e+19     2.687491e-08     9.871834e-16      9.4889
   11.9378     8.531679e+19     2.649775e-08     9.733292e-16      9.4895
   11.9378     1.000000e+20     2.607073e-08     9.576438e-16      9.4900
   14.2510     1.000000e+18     2.722200e-08     1.234989e-15      9.0407
   14.2510     1.172102e+18     2.724373e-08     1.235975e-15      9.0788
   14.2510     1.373824e+18     2.726042e-08     1.236732e-15      9.1117
   14.2510     1.610262e+18     2.727240e-08     1.237275e-15      9.1399
   14.2510     1.887392e+18     2.727991e-08     1.237616e-15      9.1640
   14.2510     2.212216e+18     2.728312e-08     1.237762e-15      9.1848
   14.2510     2.592944e+18     2.728206e-08     1.237714e-15      9.2026
   14.2510     3.039195e+18     2.727670e-08     1.237471e-15      9.2178
   14.2510     3.562248e+18     2.726690e-08     1.237026e-15      9.2308
   14.2510     4.175319e+18     2.725242e-08     1.236369e-15      9.2419
   14.2510     4.893901e+18     2.723288e-08     1.235483e-15      9.2515
   14.2510     5.736153e+18     2.720783e-08     1.234346e-15      9.2596
   14.2510     6.723358e+18     2.717666e-08     1.232932e-15      9.2665
   14.2510     7.880463e+18     2.713864e-08     1.231207e-15      9.2725
   14.2510     9.236709e+18     2.709287e-08     1.229131e-15      9.2776
   14.2510     1.082637e+19     2.703829e-08     1.226655e-15      9.2819
   14.2510     1.268961e+19     2.697366e-08     1.223722e-15      9.2856
   14.2510     1.487352e+19     2.689751e-08     1.220268e-15      9.2888
   14.2510     1.743329e+19     2.680818e-08     1.216215e-15      9.2915
   14.2510     2.043360e+19     2.670372e-08     1.211476e-15      9.2938
   14.2510     2.395027e+19     2.658196e-08     1.205952e-15      9.2957
   14.2510     2.807216e+19     2.644040e-08     1.199530e-15      9.2974
   14.2510     3.290345e+19     2.627629e-08     1.192085e-15      9.2988
   14.2510     3.856620e+19     2.608654e-08     1.183476e-15      9.3001
   14.2510     4.520354e+19     2.586780e-08     1.173553e-15      9.3011
   14.2510     5.298317e+19     2.561643e-08     1.162149e-15      9.3020
   14.2510     6.210169e+19     2.532858e-08     1.149089e-15      9.3028
   14.2510     7.278954e+19     2.500021e-08     1.134192e-15      9.3034
   14.2510     8.531679e+19     2.462725e-08     1.117272e-15      9.3040
   14.2510     1.000000e+20     2.420568e-08     1.098147e-15      9.3044
   17.0125     1.000000e+18     3.410044e-08     1.863519e-15      8.8812
   17.0125     1.172102e+18     3.411274e-08     1.864191e-15      8.9166
   17.0125     1.373824e+18     3.412018e-08     1.864598e-15      8.9469
   17.0125     1.610262e+18     3.412289e-08     1.864746e-15      8.9730
   17.0125     1.887392e+18     3.412090e-08     1.864637e-15      8.9954
   17.0125     2.212216e+18     3.411413e-08     1.864267e-15      9.0146
   17.0125     2.592944e+18     3.410241e-08     1.863627e-15      9.0310
   17.0125     3.039195e+18     3.408543e-08     1.862699e-15      9.0451
   17.0125     3.562248e+18     3.406278e-08     1.861461e-15      9.0571
   17.0125     4.175319e+18     3.403388e-08     1.859882e-15      9.0674
   17.0125     4.893901e+18     3.399806e-08     1.857924e-15      9.0762
   17.0125     5.736153e+18     3.395444e-08     1.855540e-15      9.0837
   17.0125     6.723358e+18     3.390200e-08     1.852674e-15      9.0901
   17.0125     7.880463e+18     3.383950e-08     1.849259e-15      9.0956
   17.0125     9.236709e+18     3.376549e-08     1.845215e-15      9.1003
   17.0125     1.082637e+19     3.367829e-08     1.840450e-15      9.1043
   17.0125     1.268961e+19     3.357594e-08     1.834856e-15      9.1077
   17.0125     1.487352e+19     3.345618e-08     1.828311e-15      9.1106
   17.0125     1.743329e+19     3.331643e-08     1.820674e-15      9.1131
   17.0125     2.043360e+19     3.315377e-08     1.811786e-15      9.1153
   17.0125     2.395027e+19     3.296491e-08     1.801465e-15      9.1171
   17.0125     2.807216e+19     3.274618e-08     1.789511e-15      9.1186
   17.0125     3.290345e+19     3.249350e-08     1.775703e-15      9.1199
   17.0125     3.856620e+19     3.220245e-08     1.759798e-15      9.1211
   17.0125     4.520354e+19     3.186825e-08     1.741534e-15      9.1220
   17.0125     5.298317e+19     3.148583e-08     1.720636e-15      9.1228
   17.0125     6.210169e+19     3.104996e-08     1.696817e-15      9.1236
   17.0125     7.278954e+19     3.055536e-08     1.669788e-15      9.1241
   17.0125     8.531679e+19     2.999688e-08     1.639268e-15      9.1247
   17.0125     1.000000e+20     2.936975e-08     1.604997e-15      9.1251
   20.3092     1.000000e+18     3.006318e-08     1.933829e-15      8.7289
   20.3092     1.172102e+18     3.007247e-08     1.934426e-15      8.7617
   20.3092     1.373824e+18     3.007769e-08     1.934762e-15      8.7899
   20.3092     1.610262e+18     3.007892e-08     1.934841e-15      8.8140
   20.3092     1.887392e+18     3.007616e-08     1.934664e-15      8.8348
   20.3092     2.212216e+18     3.006933e-08     1.934224e-15      8.8526
   20.3092     2.592944e+18     3.005824e-08     1.933511e-15      8.8678
   20.3092     3.039195e+18     3.004262e-08     1.932506e-15      8.8808
   20.3092     3.562248e+18     3.002207e-08     1.931184e-15      8.8920
   20.3092     4.175319e+18     2.999609e-08     1.929513e-15      8.9015
   20.3092     4.893901e+18     2.996406e-08     1.927453e-15      8.9096
   20.3092     5.736153e+18     2.992521e-08     1.924954e-15      8.9166
   20.3092     6.723358e+18     2.987862e-08     1.921957e-15      8.9226
   20.3092     7.880463e+18     2.982319e-08     1.918391e-15      8.9276
   20.3092     9.236709e+18     2.975764e-08     1.914175e-15      8.9320
   20.3092     1.082637e+19     2.968047e-08     1.909210e-15      8.9357
   20.3092     1.268961e+19     2.958994e-08     1.903387e-15      8.9388
   20.3092     1.487352e+19     2.948407e-08     1.896577e-15      8.9416
   20.3092     1.743329e+19     2.936057e-08     1.888633e-15      8.9439
   20.3092     2.043360e+19     2.921687e-08     1.879389e-15      8.9458
   20.3092     2.395027e+19     2.905004e-08     1.868658e-15      8.9475
   20.3092     2.807216e+19     2.885684e-08     1.856230e-15      8.9489
   20.3092     3.290345e+19     2.863369e-08     1.841876e-15      8.9502
   20.3092     3.856620e+19     2.837667e-08     1.825343e-15      8.9512
   20.3092     4.520354e+19     2.808155e-08     1.806359e-15      8.9521
   20.3092     5.298317e+19     2.774386e-08     1.784638e-15      8.9529
   20.3092     6.210169e+19     2.735899e-08     1.759881e-15      8.9535
   20.3092     7.278954e+19     2.692227e-08     1.731788e-15      8.9541
   20.3092     8.531679e+19     2.642915e-08     1.700068e-15      8.9545
   20.3092     1.000000e+20     2.587543e-08     1.664449e-15      8.9549
   24.2446     1.000000e+18     2.717737e-08     2.004109e-15      8.5850
   24.2446     1.172102e+18     2.718449e-08     2.004634e-15      8.6155
   24.2446     1.373824e+18     2.718809e-08     2.004899e-15      8.6417
   24.2446     1.610262e+18     2.718821e-08     2.004908e-15      8.6642
   24.2446     1.887392e+18     2.718485e-08     2.004661e-15      8.6835
   24.2446     2.212216e+18     2.717791e-08     2.004148e-15      8.7001
   24.2446     2.592944e+18     2.716719e-08     2.003358e-15      8.7142
   24.2446     3.039195e+18     2.715244e-08     2.002270e-15      8.7263
   24.2446     3.562248e+18     2.713329e-08     2.000858e-15      8.7367
   24.2446     4.175319e+18     2.710926e-08     1.999086e-15      8.7456
   24.2446     4.893901e+18     2.707979e-08     1.996913e-15      8.7531
   24.2446     5.736153e+18     2.704416e-08     1.994286e-15      8.7596
   24.2446     6.723358e+18     2.700153e-08     1.991142e-15      8.7651
   24.2446     7.880463e+18     2.695090e-08     1.987408e-15      8.7698
   24.2446     9.236709e+18     2.689110e-08     1.982998e-15      8.7739
   24.2446     1.082637e+19     2.682075e-08     1.977811e-15      8.7773
   24.2446     1.268961e+19     2.673828e-08     1.971730e-15      8.7803
   24.2446     1.487352e+19     2.664188e-08     1.964621e-15      8.7828
   24.2446     1.743329e+19     2.652947e-08     1.956331e-15      8.7849
   24.2446     2.043360e+19     2.639869e-08     1.946688e-15      8.7867
   24.2446     2.395027e+19     2.624691e-08     1.935495e-15      8.7883
   24.2446     2.807216e+19     2.607117e-08     1.922536e-15      8.7896
   24.2446     3.290345e+19     2.586822e-08     1.907570e-15      8.7908
   24.2446     3.856620e+19     2.563449e-08     1.890334e-15      8.7917
   24.2446     4.520354e+19     2.536616e-08     1.870547e-15      8.7926
   24.2446     5.298317e+19     2.505917e-08     1.847909e-15      8.7933
   24.2446     6.210169e+19     2.470934e-08     1.822112e-15      8.7939
   24.2446     7.278954e+19     2.431244e-08     1.792843e-15      8.7944
   24.2446     8.531679e+19     2.386436e-08     1.759801e-15      8.7948
   24.2446     1.000000e+20     2.336131e-08     1.722706e-15      8.7952
   28.9427     1.000000e+18     2.505078e-08     2.074405e-15      8.4500
   28.9427     1.172102e+18     2.505627e-08     2.074859e-15      8.4786
   28.9427     1.373824e+18     2.505863e-08     2.075055e-15      8.5030
   28.9427     1.610262e+18     2.505790e-08     2.074994e-15      8.5240
   28.9427     1.887392e+18     2.505404e-08     2.074675e-15      8.5420
   28.9427     2.212216e+18     2.504694e-08     2.074087e-15      8.5575
   28.9427     2.592944e+18     2.503643e-08     2.073217e-15      8.5707
   28.9427     3.039195e+18     2.502223e-08     2.072041e-15      8.5819
   28.9427     3.562248e+18     2.500401e-08     2.070532e-15      8.5916
   28.9427     4.175319e+18     2.498130e-08     2.068652e-15      8.5999
   28.9427     4.893901e+18     2.495358e-08     2.066356e-15      8.6069
   28.9427     5.736153e+18     2.492016e-08     2.063589e-15      8.6130
   28.9427     6.723358e+18     2.488026e-08     2.060285e-15      8.6181
   28.9427     7.880463e+18     2.483295e-08     2.056367e-15      8.6225
   28.9427     9.236709e+18     2.477713e-08     2.051745e-15      8.6263
   28.9427     1.082637e+19     2.471152e-08     2.046312e-15      8.6295
   28.9427     1.268961e+19     2.463465e-08     2.039946e-15      8.6322
   28.9427     1.487352e+19     2.454483e-08     2.032509e-15      8.6345
   28.9427     1.743329e+19     2.444014e-08     2.023839e-15      8.6365
   28.9427     2.043360e+19     2.431837e-08     2.013756e-15      8.6382
   28.9427     2.395027e+19     2.417709e-08     2.002056e-15      8.6397
   28.9427     2.807216e+19     2.401354e-08     1.988513e-15      8.6409
   28.9427     3.290345e+19     2.382470e-08     1.972876e-15      8.6420
   28.9427     3.856620e+19     2.360728e-08     1.954871e-15      8.6429
   28.9427     4.520354e+19     2.335771e-08     1.934205e-15      8.6437
   28.9427     5.298317e+19     2.307226e-08     1.910568e-15      8.6443
   28.9427     6.210169e+19     2.274706e-08     1.883638e-15      8.6449
   28.9427     7.278954e+19     2.237819e-08     1.853093e-15      8.6454
   28.9427     8.531679e+19     2.196189e-08     1.818621e-15      8.6458
   28.9427     1.000000e+20     2.149468e-08     1.779932e-15      8.6461
   34.5511     1.000000e+18     2.344933e-08     2.144746e-15      8.3240
   34.5511     1.172102e+18     2.345354e-08     2.145131e-15      8.3507
   34.5511     1.373824e+18     2.345492e-08     2.145257e-15      8.3736
   34.5511     1.610262e+18     2.345349e-08     2.145126e-15      8.3933
   34.5511     1.887392e+18     2.344920e-08     2.144734e-15      8.4101
   34.5511     2.212216e+18     2.344193e-08     2.144069e-15      8.4246
   34.5511     2.592944e+18     2.343149e-08     2.143114e-15      8.4369
   34.5511     3.039195e+18     2.341763e-08     2.141847e-15      8.4475
   34.5511     3.562248e+18     2.340001e-08     2.140235e-15      8.4565
   34.5511     4.175319e+18     2.337819e-08     2.138239e-15      8.4642
   34.5511     4.893901e+18     2.335165e-08     2.135811e-15      8.4708
   34.5511     5.736153e+18     2.331975e-08     2.132894e-15      8.4765
   34.5511     6.723358e+18     2.328174e-08     2.129418e-15      8.4813
   34.5511     7.880463e+18     2.323673e-08     2.125301e-15      8.4854
   34.5511     9.236709e+18     2.318368e-08     2.120449e-15      8.4889
   34.5511     1.082637e+19     2.312137e-08     2.114750e-15      8.4919
   34.5511     1.268961e+19     2.304841e-08     2.108077e-15      8.4945
   34.5511     1.487352e+19     2.296320e-08     2.100283e-15      8.4966
   34.5511     1.743329e+19     2.286391e-08     2.091201e-15      8.4985
   34.5511     2.043360e+19     2.274847e-08     2.080643e-15      8.5001
   34.5511     2.395027e+19     2.261455e-08     2.068395e-15      8.5015
   34.5511     2.807216e+19     2.245958e-08     2.054220e-15      8.5026
   34.5511     3.290345e+19     2.228068e-08     2.037858e-15      8.5036
   34.5511     3.856620e+19     2.207475e-08     2.019023e-15      8.5045
   34.5511     4.520354e+19     2.183845e-08     1.997410e-15      8.5052
   34.5511     5.298317e+19     2.156826e-08     1.972697e-15      8.5058
   34.5511     6.210169e+19     2.126052e-08     1.944551e-15      8.5063
   34.5511     7.278954e+19     2.091161e-08     1.912638e-15      8.5068
   34.5511     8.531679e+19     2.051798e-08     1.876636e-15      8.5071
   34.5511     1.000000e+20     2.007642e-08     1.836249e-15      8.5075
   41.2463     1.000000e+18     2.226716e-08     2.215147e-15      8.2065
   41.2463     1.172102e+18     2.227034e-08     2.215463e-15      8.2316
   41.2463     1.373824e+18     2.227092e-08     2.215521e-15      8.2531
   41.2463     1.610262e+18     2.226890e-08     2.215320e-15      8.2716
   41.2463     1.887392e+18     2.226421e-08     2.214853e-15      8.2874
   41.2463     2.212216e+18     2.225672e-08     2.214108e-15      8.3009
   41.2463     2.592944e+18     2.224625e-08     2.213067e-15      8.3125
   41.2463     3.039195e+18     2.223254e-08     2.211703e-15      8.3224
   41.2463     3.562248e+18     2.221525e-08     2.209983e-15      8.3309
   41.2463     4.175319e+18     2.219396e-08     2.207865e-15      8.3381
   41.2463     4.893901e+18     2.216815e-08     2.205298e-15      8.3443
   41.2463     5.736153e+18     2.213722e-08     2.202220e-15      8.3496
   41.2463     6.723358e+18     2.210042e-08     2.198560e-15      8.3541
   41.2463     7.880463e+18     2.205690e-08     2.194230e-15      8.3580
   41.2463     9.236709e+18     2.200565e-08     2.189132e-15      8.3613
   41.2463     1.082637e+19     2.194550e-08     2.183148e-15      8.3641
   41.2463     1.268961e+19     2.187511e-08     2.176145e-15      8.3665
   41.2463     1.487352e+19     2.179293e-08     2.167970e-15      8.3685
   41.2463     1.743329e+19     2.169721e-08     2.158448e-15      8.3703
   41.2463     2.043360e+19     2.158595e-08     2.147380e-15      8.3718
   41.2463     2.395027e+19     2.145692e-08     2.134544e-15      8.3730
   41.2463     2.807216e+19     2.130764e-08     2.119694e-15      8.3741
   41.2463     3.290345e+19     2.113537e-08     2.102556e-15      8.3751
   41.2463     3.856620e+19     2.093714e-08     2.082835e-15      8.3758
   41.2463     4.520354e+19     2.070973e-08     2.060213e-15      8.3765
   41.2463     5.298317e+19     2.044980e-08     2.034355e-15      8.3771
   41.2463     6.210169e+19     2.015387e-08     2.004916e-15      8.3776
   41.2463     7.278954e+19     1.981848e-08     1.971551e-15      8.3780
   41.2463     8.531679e+19     1.944030e-08     1.933930e-15      8.3784
   41.2463     1.000000e+20     1.901630e-08     1.891750e-15      8.3787
   49.2388     1.000000e+18     2.146481e-08     2.285615e-15      8.0971
   49.2388     1.172102e+18     2.146715e-08     2.285865e-15      8.1207
   49.2388     1.373824e+18     2.146705e-08     2.285855e-15      8.1410
   49.2388     1.610262e+18     2.146449e-08     2.285582e-15      8.1584
   49.2388     1.887392e+18     2.145940e-08     2.285040e-15      8.1732
   49.2388     2.212216e+18     2.145164e-08     2.284213e-15      8.1860
   49.2388     2.592944e+18     2.144101e-08     2.283082e-15      8.1969
   49.2388     3.039195e+18     2.142726e-08     2.281617e-15      8.2062
   49.2388     3.562248e+18     2.141004e-08     2.279784e-15      8.2142
   49.2388     4.175319e+18     2.138894e-08     2.277537e-15      8.2210
   49.2388     4.893901e+18     2.136345e-08     2.274823e-15      8.2268
   49.2388     5.736153e+18     2.133296e-08     2.271576e-15      8.2318
   49.2388     6.723358e+18     2.129675e-08     2.267720e-15      8.2360
   49.2388     7.880463e+18     2.125397e-08     2.263165e-15      8.2396
   49.2388     9.236709e+18     2.120364e-08     2.257806e-15      8.2427
   49.2388     1.082637e+19     2.114461e-08     2.251520e-15      8.2454
   49.2388     1.268961e+19     2.107555e-08     2.244167e-15      8.2476
   49.2388     1.487352e+19     2.099497e-08     2.235586e-15      8.2496
   49.2388     1.743329e+19     2.090114e-08     2.225595e-15      8.2512
   49.2388     2.043360e+19     2.079212e-08     2.213986e-15      8.2526
   49.2388     2.395027e+19     2.066572e-08     2.200527e-15      8.2538
   49.2388     2.807216e+19     2.051953e-08     2.184960e-15      8.2548
   49.2388     3.290345e+19     2.035088e-08     2.167002e-15      8.2557
   49.2388     3.856620e+19     2.015686e-08     2.146342e-15      8.2564
   49.2388     4.520354e+19     1.993438e-08     2.122652e-15      8.2571
   49.2388     5.298317e+19     1.968017e-08     2.095584e-15      8.2576
   49.2388     6.210169e+19     1.939089e-08     2.064780e-15      8.2581
   49.2388     7.278954e+19     1.906320e-08     2.029887e-15      8.2585
   49.2388     8.531679e+19     1.869391e-08     1.990564e-15      8.2588
   49.2388     1.000000e+20     1.828011e-08     1.946503e-15      8.2591
   58.7802     1.000000e+18     2.100215e-08     2.356155e-15      7.9952
   58.7802     1.172102e+18     2.100379e-08     2.356338e-15      8.0175
   58.7802     1.373824e+18     2.100309e-08     2.356260e-15      8.0366
   58.7802     1.610262e+18     2.100002e-08     2.355916e-15      8.0530
   58.7802     1.887392e+18     2.099450e-08     2.355296e-15      8.0671
   58.7802     2.212216e+18     2.098639e-08     2.354386e-15      8.0791
   58.7802     2.592944e+18     2.097547e-08     2.353161e-15      8.0893
   58.7802     3.039195e+18     2.096149e-08     2.351593e-15      8.0981
   58.7802     3.562248e+18     2.094409e-08     2.349641e-15      8.1057
   58.7802     4.175319e+18     2.092286e-08     2.347260e-15      8.1121
   58.7802     4.893901e+18     2.089729e-08     2.344391e-15      8.1176
   58.7802     5.736153e+18     2.086676e-08     2.340966e-15      8.1223
   58.7802     6.723358e+18     2.083056e-08     2.336905e-15      8.1263
   58.7802     7.880463e+18     2.078784e-08     2.332112e-15      8.1297
   58.7802     9.236709e+18     2.073761e-08     2.326477e-15      8.1326
   58.7802     1.082637e+19     2.067874e-08     2.319872e-15      8.1351
   58.7802     1.268961e+19     2.060990e-08     2.312149e-15      8.1372
   58.7802     1.487352e+19     2.052960e-08     2.303141e-15      8.1390
   58.7802     1.743329e+19     2.043614e-08     2.292655e-15      8.1406
   58.7802     2.043360e+19     2.032757e-08     2.280476e-15      8.1419
   58.7802     2.395027e+19     2.020174e-08     2.266360e-15      8.1430
   58.7802     2.807216e+19     2.005625e-08     2.250038e-15      8.1440
   58.7802     3.290345e+19     1.988846e-08     2.231214e-15      8.1448
   58.7802     3.856620e+19     1.969551e-08     2.209567e-15      8.1455
   58.7802     4.520354e+19     1.947433e-08     2.184754e-15      8.1461
   58.7802     5.298317e+19     1.922173e-08     2.156415e-15      8.1466
   58.7802     6.210169e+19     1.893441e-08     2.124182e-15      8.1471
   58.7802     7.278954e+19     1.860912e-08     2.087689e-15      8.1474
   58.7802     8.531679e+19     1.824275e-08     2.046588e-15      8.1478
   58.7802     1.000000e+20     1.783252e-08     2.000565e-15      8.1480
   70.1704     1.000000e+18     2.075774e-08     2.426765e-15      7.9002
   70.1704     1.172102e+18     2.075875e-08     2.426883e-15      7.9213
   70.1704     1.373824e+18     2.075750e-08     2.426737e-15      7.9394
   70.1704     1.610262e+18     2.075394e-08     2.426320e-15      7.9549
   70.1704     1.887392e+18     2.074797e-08     2.425623e-15      7.9682
   70.1704     2.212216e+18     2.073945e-08     2.424626e-15      7.9796
   70.1704     2.592944e+18     2.072815e-08     2.423306e-15      7.9893
   70.1704     3.039195e+18     2.071381e-08     2.421629e-15      7.9976
   70.1704     3.562248e+18     2.069606e-08     2.419555e-15      8.0047
   70.1704     4.175319e+18     2.067449e-08     2.417033e-15      8.0108
   70.1704     4.893901e+18     2.064857e-08     2.414002e-15      8.0160
   70.1704     5.736153e+18     2.061768e-08     2.410391e-15      8.0204
   70.1704     6.723358e+18     2.058110e-08     2.406114e-15      8.0242
   70.1704     7.880463e+18     2.053797e-08     2.401072e-15      8.0274
   70.1704     9.236709e+18     2.048729e-08     2.395148e-15      8.0302
   70.1704     1.082637e+19     2.042793e-08     2.388207e-15      8.0325
   70.1704     1.268961e+19     2.035856e-08     2.380097e-15      8.0346
   70.1704     1.487352e+19     2.027766e-08     2.370640e-15      8.0363
   70.1704     1.743329e+19     2.018353e-08     2.359635e-15      8.0377
   70.1704     2.043360e+19     2.007423e-08     2.346857e-15      8.0390
   70.1704     2.395027e+19     1.994759e-08     2.332051e-15      8.0401
   70.1704     2.807216e+19     1.980120e-08     2.314938e-15      8.0410
   70.1704     3.290345e+19     1.963244e-08     2.295208e-15      8.0417
   70.1704     3.856620e+19     1.943844e-08     2.272527e-15      8.0424
   70.1704     4.520354e+19     1.921616e-08     2.246541e-15      8.0430
   70.1704     5.298317e+19     1.896241e-08     2.216875e-15      8.0435
   70.1704     6.210169e+19     1.867394e-08     2.183150e-15      8.0439
   70.1704     7.278954e+19     1.834753e-08     2.144990e-15      8.0442
   70.1704     8.531679e+19     1.798014e-08     2.102039e-15      8.0445
   70.1704     1.000000e+20     1.756907e-08     2.053981e-15      8.0448
   83.7678     1.000000e+18     2.070786e-08     2.497445e-15      7.8116
   83.7678     1.172102e+18     2.070830e-08     2.497499e-15      7.8317
   83.7678     1.373824e+18     2.070652e-08     2.497284e-15      7.8488
   83.7678     1.610262e+18     2.070246e-08     2.496794e-15      7.8635
   83.7678     1.887392e+18     2.069602e-08     2.496017e-15      7.8761
   83.7678     2.212216e+18     2.068702e-08     2.494932e-15      7.8869
   83.7678     2.592944e+18     2.067525e-08     2.493513e-15      7.8961
   83.7678     3.039195e+18     2.066042e-08     2.491724e-15      7.9040
   83.7678     3.562248e+18     2.064217e-08     2.489522e-15      7.9107
   83.7678     4.175319e+18     2.062004e-08     2.486854e-15      7.9165
   83.7678     4.893901e+18     2.059352e-08     2.483655e-15      7.9214
   83.7678     5.736153e+18     2.056196e-08     2.479850e-15      7.9256
   83.7678     6.723358e+18     2.052464e-08     2.475348e-15      7.9292
   83.7678     7.880463e+18     2.048066e-08     2.470045e-15      7.9323
   83.7678     9.236709e+18     2.042904e-08     2.463818e-15      7.9349
   83.7678     1.082637e+19     2.036859e-08     2.456528e-15      7.9371
   83.7678     1.268961e+19     2.029798e-08     2.448012e-15      7.9390
   83.7678     1.487352e+19     2.021567e-08     2.438085e-15      7.9406
   83.7678     1.743329e+19     2.011992e-08     2.426538e-15      7.9420
   83.7678     2.043360e+19     2.000878e-08     2.413134e-15      7.9432
   83.7678     2.395027e+19     1.988005e-08     2.397608e-15      7.9442
   83.7678     2.807216e+19     1.973130e-08     2.379669e-15      7.9451
   83.7678     3.290345e+19     1.955987e-08     2.358994e-15      7.9458
   83.7678     3.856620e+19     1.936288e-08     2.335236e-15      7.9464
   83.7678     4.520354e+19     1.913727e-08     2.308027e-15      7.9470
   83.7678     5.298317e+19     1.887985e-08     2.276981e-15      7.9474
   83.7678     6.210169e+19     1.858737e-08     2.241706e-15      7.9478
   83.7678     7.278954e+19     1.825662e-08     2.201817e-15      7.9482
   83.7678     8.531679e+19     1.788461e-08     2.156951e-15      7.9484
   83.7678     1.000000e+20     1.746868e-08     2.106789e-15      7.9487
  100.0000     1.000000e+18     2.083519e-08     2.568192e-15      7.7289
  100.0000     1.172102e+18     2.083510e-08     2.568181e-15      7.7480
  100.0000     1.373824e+18     2.083280e-08     2.567897e-15      7.7643
  100.0000     1.610262e+18     2.082823e-08     2.567334e-15      7.7783
  100.0000     1.887392e+18     2.082127e-08     2.566475e-15      7.7902
  100.0000     2.212216e+18     2.081173e-08     2.565300e-15      7.8005
  100.0000     2.592944e+18     2.079939e-08     2.563779e-15      7.8092
  100.0000     3.039195e+18     2.078394e-08     2.561875e-15      7.8167
  100.0000     3.562248e+18     2.076501e-08     2.559541e-15      7.8231
  100.0000     4.175319e+18     2.074213e-08     2.556721e-15      7.8286
  100.0000     4.893901e+18     2.071476e-08     2.553348e-15      7.8333
  100.0000     5.736153e+18     2.068225e-08     2.549340e-15      7.8372
  100.0000     6.723358e+18     2.064382e-08     2.544604e-15      7.8406
  100.0000     7.880463e+18     2.059860e-08     2.539029e-15      7.8436
  100.0000     9.236709e+18     2.054553e-08     2.532488e-15      7.8460
  100.0000     1.082637e+19     2.048342e-08     2.524832e-15      7.8482
  100.0000     1.268961e+19     2.041091e-08     2.515894e-15      7.8500
  100.0000     1.487352e+19     2.032640e-08     2.505478e-15      7.8515
  100.0000     1.743329e+19     2.022814e-08     2.493366e-15      7.8528
  100.0000     2.043360e+19     2.011411e-08     2.479310e-15      7.8540
  100.0000     2.395027e+19     1.998208e-08     2.463036e-15      7.8549
  100.0000     2.807216e+19     1.982957e-08     2.444237e-15      7.8557
  100.0000     3.290345e+19     1.965387e-08     2.422579e-15      7.8564
  100.0000     3.856620e+19     1.945205e-08     2.397703e-15      7.8570
  100.0000     4.520354e+19     1.922102e-08     2.369226e-15      7.8575
  100.0000     5.298317e+19     1.895754e-08     2.336749e-15      7.8580
  100.0000     6.210169e+19     1.865835e-08     2.299870e-15      7.8583
  100.0000     7.278954e+19     1.832024e-08     2.258193e-15      7.8587
  100.0000     8.531679e+19     1.794021e-08     2.211350e-15      7.8589
  100.0000     1.000000e+20     1.751566e-08     2.159019e-15      7.8592
